9.984552009493552482e-01,1.543605233697271364e-03,1.193201815781050123e-06,6.148940770186642741e-10,2.376555589457055612e-13,7.348278906395301141e-17,1.893398550045777680e-20,4.181688312886537119e-24,8.081078599376463433e-28,1.388143872215570855e-31,2.146061379858982634e-35,3.016179006635037387e-39,3.885827573087273728e-43,4.621126233774753340e-47,5.103022172400537775e-51,5.259492681294730756e-55,5.081963380605169043e-59,4.621577804157293195e-63,3.969405092349587918e-67,3.229828633688869847e-71,2.496647009383614496e-75,1.838000002744652271e-79,1.291607284512486505e-83,8.681810627837477926e-88,5.592509437894767015e-92,3.458393257755635046e-96,2.056405168465430615e-100,1.177477403250755696e-104,6.501329970574110261e-109,3.465866815549468399e-113,1.786069169884641268e-117,8.907262247616458987e-122,4.303302933077806265e-126,2.016023724166600370e-130,9.166939820760159408e-135,4.049151206171585800e-139,1.738878160074781249e-143,7.265660278758537514e-148,2.955964063257093968e-152,1.171769532734743535e-156,4.528870152853510078e-161,1.707708229632411654e-165,6.285966175743753983e-170,2.260014591120871449e-174,7.940835975618227937e-179,2.728106815016978958e-183,9.168772514870898299e-188
1.543605233697271364e-03,9.953703768855921563e-01,3.082439504813649402e-03,3.575917033503274147e-06,2.457675431017036189e-09,1.187543080441801091e-12,4.406695558295308767e-16,1.324793613316869078e-19,3.344057802666276705e-23,7.270472295074969232e-27,1.387714693117568447e-30,2.360004005093353284e-34,3.618482269419143966e-38,5.050374423634984364e-42,6.468147959968772808e-46,7.652955492107831044e-50,8.413562140356596416e-54,8.637766482024664885e-58,8.317411123016623670e-62,7.540642390516353182e-66,6.458658647171985747e-70,5.242186788119798164e-74,4.043031718801214959e-78,2.970297404511860449e-82,2.083366118873958331e-86,1.397954445157456583e-90,8.990753171268938409e-95,5.551658135262630430e-99,3.296572664674777783e-103,1.885184676549397782e-107,1.039652883275897891e-111,5.536262190153605982e-116,2.850048514502428011e-120,1.419956913466640149e-124,6.853857324430655483e-129,3.208145502941584634e-133,1.457569237682539737e-137,6.433311544648722685e-142,2.760726257229337229e-146,1.152734588458260937e-150,4.686715828328347750e-155,1.856696733235214915e-159,7.171846553015430954e-164,2.702771097808945650e-168,9.943365419642466636e-173,3.573130663632486065e-177,1.254844783618159423e-181
1.193201815781050123e-06,3.082439504813649402e-03,9.922927046554209651e-01,4.616512031057289252e-03,7.144463890743418836e-06,6.139439690488097062e-09,3.560426347757026583e-12,1.541548700906835458e-15,5.296833935936323706e-19,1.504244442107882119e-22,3.633987333040867499e-26,7.630071023742379236e-30,1.415604402639517620e-33,2.351407475237586131e-37,3.534421294451709452e-41,4.850039623253206084e-45,6.121102432532128450e-49,7.150145851291604801e-53,7.772575945368917727e-57,7.900183315660597784e-61,7.539415300291521763e-65,6.780543186554410676e-69,5.765556464364668709e-73,4.648833036149387713e-77,3.563877728653358173e-81,2.603872151196297104e-85,1.817116017359867993e-89,1.213607339619104175e-93,7.771431342050893714e-98,4.779502527646456381e-102,2.827475524060222006e-106,1.611295885767561622e-110,8.857136012614045745e-115,4.702125674358172543e-119,2.413700581211253770e-123,1.199315957449865113e-127,5.774151767954597740e-132,2.696271495738838118e-136,1.222227048858094453e-140,5.382978171821167047e-145,2.305286398803181463e-149,9.607024784432159960e-154,3.898769099893093456e-158,1.541833494698620106e-162,5.945668858502214047e-167,2.237100004555134051e-171,8.217635856323751087e-176
6.148940770186642741e-10,3.575917033503274147e-06,4.616512031057289252e-03,9.892221719752145592e-01,6.145832016837926397e-03,1.189516726768202755e-05,1.226938821388277592e-08,8.302524306599519665e-12,4.108678231156802850e-15,1.588348316327176075e-18,5.012210284299824230e-22,1.332004272904400454e-25,3.051084772710527219e-29,6.132561540862147177e-33,1.097040758559638863e-36,1.766790342594188922e-40,2.586116536131263170e-44,3.467909743242680936e-48,4.289258485487456732e-52,4.921736127717932311e-56,5.265884194304255634e-60,5.276731883331700878e-64,4.971629631316169890e-68,4.419609147700855581e-72,3.718543748412684566e-76,2.969498862469757715e-80,2.256398470003208051e-84,1.635202154950270354e-88,1.132565483432777373e-92,7.511523348343302255e-97,4.778974748796044624e-101,2.921413200401684402e-105,1.718538473918485320e-109,9.741877868496692413e-114,5.328560855428267103e-118,2.815720168810085192e-122,1.439048271482116256e-126,7.120824732566984480e-131,3.414983900423601949e-135,1.588762386453314675e-139,7.176720236305546567e-144,3.150308301165852657e-148,1.344879504849685454e-152,5.587814284060513073e-157,2.261189316845627108e-161,8.917861998328565224e-166,3.429978960943995907e-170
2.376555589457055612e-13,2.457675431017036189e-09,7.144463890743418836e-06,6.145832016837926397e-03,9.861587665779621981e-01,7.670408653282279055e-03,1.782435867829998963e-05,2.145483138687658940e-08,1.659478009414231176e-11,9.239762115388060892e-15,3.969116856264705242e-18,1.377825112283278723e-21,3.994640019256698758e-25,9.912959596867493846e-29,2.145793230488365411e-32,4.112842870200220536e-36,7.065480537423605894e-40,1.098856792939162387e-43,1.560237712868097648e-47,2.037004067453231885e-51,2.460420490839837604e-55,2.764114322975656932e-59,2.901730255997797293e-63,2.858245099054627426e-67,2.651375059819006561e-71,2.323763212354355364e-75,1.929914785682623666e-79,1.522872750830509213e-83,1.144499943167328838e-87,8.210123292336199077e-92,5.632997372095277122e-96,3.703296446096340960e-100,2.336881380213249268e-104,1.417648117308733777e-108,8.279770285746119139e-113,4.662040246134208132e-117,2.533910715507739352e-121,1.330998600324516658e-125,6.764185889154827126e-130,3.329323332819798112e-134,1.588629620340718585e-138,7.355539697685146529e-143,3.307561470698357990e-147,1.445633713903475443e-151,6.146132178644618618e-156,2.543650710277062128e-160,1.025480386766587063e-164
7.348278906395301141e-17,1.187543080441801091e-12,6.139439690488097062e-09,1.189516726768202755e-05,7.670408653282279055e-03,9.831024762132491990e-01,9.190251118249465750e-03,2.492837626158444958e-05,3.430119191548113898e-08,2.985213131278043634e-11,1.847000098055950333e-14,8.728200025621221806e-18,3.305502218001979669e-21,1.038249593637415418e-24,2.774770484439663637e-28,6.435570252563262660e-32,1.315770610690512207e-35,2.401692030585926945e-39,3.955010795436526951e-43,5.927681200937735344e-47,8.146441712578884520e-51,1.033188658724244205e-54,1.216001390281054278e-58,1.334578703504490359e-62,1.371745548862768645e-66,1.325492343597662715e-70,1.208187045966125757e-74,1.042013886253923302e-78,8.526988731418077219e-83,6.637278691238337508e-87,4.925488166253141376e-91,3.492058429405221059e-95,2.369848004006068306e-99,1.542177269311445694e-103,9.639013657473096078e-108,5.795261125050665722e-112,3.356344646379312354e-116,1.874918242744299282e-120,1.011466945888092030e-124,5.275598900856106342e-129,2.663229909564638183e-133,1.302567429445012936e-137,6.178150609036837003e-142,2.844277351305113901e-146,1.272059332391395956e-150,5.531101811426744617e-155,2.339986376510625904e-159
1.893398550045777680e-20,4.406695558295308767e-16,3.560426347757026583e-12,1.226938821388277592e-08,1.782435867829998963e-05,9.190251118249465750e-03,9.800532886472392846e-01,1.070536857634638538e-02,3.320356477274400043e-05,5.141200811500453518e-08,4.972278154710248525e-11,3.384421752712471598e-14,1.744868912938790199e-17,7.159153371593038771e-21,2.421750097016282976e-24,6.934781337613438461e-28,1.715669680286323577e-31,3.727056162970733912e-35,7.203362428454352781e-39,1.252143485556158538e-42,1.975486445671534301e-46,2.850703607734577400e-50,3.787669396608476538e-54,4.660537968009889411e-58,5.337446094856384355e-62,5.714722842450772509e-66,5.742954469940055911e-70,5.436077601854533215e-74,4.862077764508665755e-78,4.120846928500035004e-82,3.318228905844865838e-86,2.544532919830822503e-90,1.862217884316325672e-94,1.303272471002172189e-98,8.738072787893675353e-103,5.622178460496364732e-107,3.476809864101109573e-111,2.069545880283057476e-115,1.187336962413446360e-119,6.573937264541258459e-124,3.516755232516445909e-128,1.819717467707711667e-132,9.117210054314999775e-137,4.427314337219866978e-141,2.085638027340981446e-145,9.539707530421872898e-150,4.240191598087335583e-154
4.181688312886537119e-24,1.324793613316869078e-19,1.541548700906835458e-15,8.302524306599519665e-12,2.145483138687658940e-08,2.492837626158444958e-05,1.070536857634638538e-02,9.770111916626565973e-01,1.221577017894309551e-02,4.264627557443336745e-05,7.338893719486505739e-08,7.808747312256077328e-11,5.798875704170348256e-14,3.239039402997773406e-17,1.431277256258000617e-20,5.187681601110547196e-24,1.584602765067749334e-27,4.165455170544669385e-31,9.581389286488126646e-35,1.954733342933145618e-38,3.576762699834913966e-42,5.925237717082139447e-46,8.957622832436463467e-50,1.244293592768801206e-53,1.597624253895312422e-57,1.905920540546384551e-61,2.122283192586999306e-65,2.214813435161638817e-69,2.174125440766382542e-73,2.014018574721789516e-77,1.765849730221503746e-81,1.469319628450701148e-85,1.163076718820695723e-89,8.778021828419532584e-94,6.329481554900782542e-98,4.368570573686970431e-102,2.891108063775407264e-106,1.837559060388883135e-110,1.123359210635877861e-114,6.614543267576380028e-119,3.756193962516770071e-123,2.059631812657252650e-127,1.091736706273605809e-131,5.600103873000926114e-136,2.782656863004583354e-140,1.340661006431436990e-144,6.268466081628898739e-149
8.081078599376463433e-28,3.344057802666276705e-23,5.296833935936323706e-19,4.108678231156802850e-15,1.659478009414231176e-11,3.430119191548113898e-08,3.320356477274400043e-05,1.221577017894309551e-02,9.739761730587657151e-01,1.372146506418815692e-02,5.325286662798725908e-05,1.008317585392621046e-07,1.170587611043263030e-10,9.418316338481598083e-14,5.665814980834815899e-17,2.682607575404744867e-20,1.037179858103781596e-23,3.366239694945849734e-27,9.369639652891469034e-31,2.274993614000862969e-34,4.885671047707403491e-38,9.386928475256639970e-42,1.629104493800601860e-45,2.574818890739131353e-49,3.732201842888248095e-53,4.991718193153426086e-57,6.193233741984138234e-61,7.161598439601366926e-65,7.750705675963189515e-69,7.880097075175662725e-73,7.551554345644516745e-77,6.841786157127858291e-81,5.876551625433439565e-85,4.797120919476454988e-89,3.730232055421260183e-93,2.768842392846979113e-97,1.965647161019002738e-101,1.336999667721467599e-105,8.727534964665928025e-110,5.475847006594249705e-114,3.306961758034177108e-118,1.924874342658161146e-122,1.081211177613539521e-126,5.867580801789286704e-131,3.079799741749404519e-135,1.565117126165362645e-139,7.708189627891563320e-144
1.388143872215570855e-31,7.270472295074969232e-27,1.504244442107882119e-22,1.588348316327176075e-18,9.239762115388060892e-15,2.985213131278043634e-11,5.141200811500453518e-08,4.264627557443336745e-05,1.372146506418815692e-02,9.709482206513554425e-01,1.522246235702400148e-02,6.501970248466358798e-05,1.343383769837087103e-07,1.689802885348154918e-10,1.464316308309643529e-13,9.438853405688781829e-17,4.767236753741280180e-20,1.958444412179122771e-23,6.730397642855136991e-27,1.977479019477614364e-30,5.054238706068525199e-34,1.139718767753673813e-37,2.294075741503258755e-41,4.162408855214063613e-45,6.864856827995727032e-49,1.036534174312407281e-52,1.441804212715186646e-56,1.857667766139042343e-60,2.227708395527027936e-64,2.497081892217350657e-68,2.626329859953719527e-72,2.600741269573424304e-76,2.432321678558813182e-80,2.154469102586230988e-84,1.812030166377447581e-88,1.450479676261190920e-92,1.107414655443895843e-96,8.080132297397353969e-101,5.644527895223125282e-105,3.781554607115541947e-109,2.433474627418527014e-113,1.506363648293014633e-117,8.981930044356336934e-122,5.165330384650229984e-126,2.868348682251437772e-130,1.539771187287123100e-134,7.998836638616592744e-139
2.146061379858982634e-35,1.387714693117568447e-30,3.633987333040867499e-26,5.012210284299824230e-22,3.969116856264705242e-18,1.847000098055950333e-14,4.972278154710248525e-11,7.338893719486505739e-08,5.325286662798725908e-05,1.522246235702400148e-02,9.679273222727183823e-01,1.671877116920223241e-02,7.794315427689621251e-05,1.745048260874296198e-07,2.364260629083768097e-10,2.195342321378980561e-13,1.509549371354044058e-16,8.101169878810692949e-20,3.523988761740964281e-23,1.278380136948411562e-26,3.953846301809794859e-30,1.061116637791559934e-33,2.506784910438754814e-37,5.275208872561228897e-41,9.987722021009086970e-45,1.715882549057515103e-48,2.694498684363053576e-52,3.892202669865591057e-56,5.200623281438759266e-60,6.459355585969302985e-64,7.490142691937450888e-68,8.140478311374606127e-72,8.321253260471402968e-76,8.025627451366457738e-80,7.324288981119577579e-84,6.341351370264381460e-88,5.221128858753755312e-92,4.096981757979664845e-96,3.070122904355655676e-100,2.201138995101664795e-104,1.512470973297780866e-108,9.976281935672774190e-113,6.326134536685564838e-117,3.861878688699723828e-121,2.272544591490131381e-125,1.290646047026267178e-129,7.082355565833593241e-134
3.016179006635037387e-39,2.360004005093353284e-34,7.630071023742379236e-30,1.332004272904400454e-25,1.377825112283278723e-21,8.728200025621221806e-18,3.384421752712471598e-14,7.808747312256077328e-11,1.008317585392621046e-07,6.501970248466358798e-05,1.671877116920223241e-02,9.649134657716341712e-01,1.821040059929894539e-02,9.201959970955648409e-05,2.219252714016291959e-07,3.221997338816298318e-10,3.191579232214497419e-13,2.331909278174887852e-16,1.325133559611177852e-19,6.084798323711529563e-23,2.323608797207790141e-26,7.546130195198393654e-30,2.121686430138157805e-33,5.240212670712282525e-37,1.150700462936648687e-40,2.269468909253798227e-44,4.054938616947246908e-48,6.612566569012066374e-52,9.905723105715064630e-56,1.370850287343926175e-59,1.761370084265696060e-63,2.110547598580728214e-67,2.367806316862419837e-71,2.496040381673557748e-75,2.480328898160183201e-79,2.330167357426294204e-83,2.075104553314490903e-87,1.755996774165828903e-91,1.415164681063289025e-95,1.088382065735198838e-99,8.003316851174509541e-104,5.636829532822082258e-108,3.808757778254637562e-112,2.472711796603639236e-116,1.544610995924299565e-120,9.295952036828852543e-125,5.396783548716542312e-129
3.885827573087273728e-43,3.618482269419143966e-38,1.415604402639517620e-33,3.051084772710527219e-29,3.994640019256698758e-25,3.305502218001979669e-21,1.744868912938790199e-17,5.798875704170348256e-14,1.170587611043263030e-10,1.343383769837087103e-07,7.794315427689621251e-05,1.821040059929894539e-02,9.619066390133490518e-01,1.969735973273006868e-02,1.072454230512247963e-04,2.771920137336337172e-07,4.293338722179438592e-10,4.519073248118798332e-13,3.496318568503550825e-16,2.097317099691156443e-19,1.013784608446028145e-22,4.065057998454584296e-26,1.383068304066061481e-29,4.065517797014670259e-33,1.047793253834011132e-36,2.396763160500605834e-40,4.916169026145501369e-44,9.121848732501245253e-48,1.542651565643130480e-51,2.393471866908112725e-55,3.426567998822980281e-59,4.549502590832919329e-63,5.627298258351003107e-67,6.510552219484199342e-71,7.071163683246735223e-75,7.233360609131128966e-79,6.989637494738865472e-83,6.397478148508856037e-87,5.560019659976787442e-91,4.598777326485026362e-95,3.627553410008924145e-99,2.734184761757474944e-103,1.972693558949841111e-107,1.364672997888328187e-111,9.065760417608910082e-116,5.791764483605281204e-120,3.563133479612725600e-124
4.621126233774753340e-47,5.050374423634984364e-42,2.351407475237586131e-37,6.132561540862147177e-33,9.912959596867493846e-29,1.038249593637415418e-24,7.159153371593038771e-21,3.239039402997773406e-17,9.418316338481598083e-14,1.689802885348154918e-10,1.745048260874296198e-07,9.201959970955648409e-05,1.969735973273006868e-02,9.589068298795601075e-01,2.117965764176656801e-02,1.236170151254707195e-04,3.408954924069106517e-07,5.610892499645547337e-10,6.253952814672193688e-13,5.107746410469692590e-16,3.225394399106094978e-19,1.637089370014155335e-22,6.877201646506672367e-26,2.446279133864943376e-29,7.503637284717493974e-33,2.014507751346204578e-36,4.792467605849924331e-40,1.020840012966518505e-43,1.964326195479354942e-47,3.440673727905512611e-51,5.522447812417615723e-55,8.169717030856689380e-59,1.119704427522811211e-62,1.428257694699476550e-66,1.702520496740717103e-70,1.903518905319101056e-74,2.002826413744617914e-78,1.989112321666795385e-82,1.869809685883138537e-86,1.667814882014978238e-90,1.414852152194468553e-94,1.143952556151053342e-98,8.832609567197276157e-103,6.524412494729014181e-107,4.618446927885638379e-111,3.137853805186914155e-115,2.049207214359944349e-119
5.103022172400537775e-51,6.468147959968772808e-46,3.534421294451709452e-41,1.097040758559638863e-36,2.145793230488365411e-32,2.774770484439663637e-28,2.421750097016282976e-24,1.431277256258000617e-20,5.665814980834815899e-17,1.464316308309643529e-13,2.364260629083768097e-10,2.219252714016291959e-07,1.072454230512247963e-04,2.117965764176656801e-02,9.559140262683946121e-01,2.265730338554973466e-02,1.411307733021428324e-04,4.136242885169721707e-07,7.209541218608113688e-10,8.483131983186551140e-13,7.293556706248800670e-16,4.836221342612572212e-19,2.571685071842921362e-22,1.129476607218089594e-25,4.192442491776459357e-29,1.339589951975205195e-32,3.740338802599439458e-36,9.240574725132716733e-40,2.041259155837625491e-43,4.068175061325354683e-47,7.371531257268680785e-51,1.222617672823241386e-54,1.867060001434783776e-58,2.638895255120983852e-62,3.468115114857313925e-66,4.255703037837539330e-70,4.894104873935052984e-74,5.292502156911950130e-78,5.398351410934023416e-82,5.208136115586621732e-86,4.764639678631401306e-90,4.143038031505998262e-94,3.431491764264287347e-98,2.712593334065884579e-102,2.050325119223592770e-106,1.484357359698876871e-110,1.030912505929054761e-114
5.259492681294730756e-55,7.652955492107831044e-50,4.850039623253206084e-45,1.766790342594188922e-40,4.112842870200220536e-36,6.435570252563262660e-32,6.934781337613438461e-28,5.187681601110547196e-24,2.682607575404744867e-20,9.438853405688781829e-17,2.195342321378980561e-13,3.221997338816298318e-10,2.771920137336337172e-07,1.236170151254707195e-04,2.265730338554973466e-02,9.529282160943931546e-01,2.413030601010655515e-02,1.597831014886680399e-04,4.959651281831626384e-07,9.126435079760445367e-10,1.130501155922550720e-12,1.020646782601657859e-15,7.090382595080453024e-19,3.941895514035231324e-22,1.806603732447749943e-25,6.985439881335874315e-29,2.321357584149253198e-32,6.731008430816607872e-36,1.724526307300023127e-39,3.945620848258147487e-43,8.134777730447293220e-47,1.523172698701898155e-50,2.607802988561025478e-54,4.106863548305432462e-58,5.980571164319811216e-62,8.091077104175479189e-66,1.021225179856908569e-69,1.207050243990486581e-73,1.340594477635209318e-77,1.403397773454739551e-81,1.388671133318014480e-85,1.302185704663936861e-89,1.159922546747538126e-93,9.835894242188545322e-98,7.956120356765741470e-102,6.150361851981420919e-106,4.551589400048511726e-110
5.081963380605169043e-59,8.413562140356596416e-54,6.121102432532128450e-49,2.586116536131263170e-44,7.065480537423605894e-40,1.315770610690512207e-35,1.715669680286323577e-31,1.584602765067749334e-27,1.037179858103781596e-23,4.767236753741280180e-20,1.509549371354044058e-16,3.191579232214497419e-13,4.293338722179438592e-10,3.408954924069106517e-07,1.411307733021428324e-04,2.413030601010655515e-02,9.499493872884905432e-01,2.559867454836478248e-02,1.795704101213593893e-04,5.885028857963387057e-07,1.140098477575565754e-09,1.483017803593252404e-12,1.402769243152214471e-15,1.018848473593539032e-18,5.910811540287342842e-22,2.821945403598492850e-25,1.134814872569349419e-28,3.916281487148959675e-32,1.177646292245543956e-35,3.125013562720788456e-39,7.396514045666172447e-43,1.575808591428443063e-46,3.045791306469101340e-50,5.377669721956240821e-54,8.725664798976249568e-58,1.308047684255199335e-61,1.820224300154585018e-65,2.361251316479400306e-69,2.866358937711949972e-73,3.267278049737936910e-77,3.508060502809343463e-81,3.558046595337264631e-85,3.417846024100250359e-89,3.116947607421806317e-93,2.704582522614627679e-97,2.237428223465150462e-101,1.768052666876726651e-105
4.621577804157293195e-63,8.637766482024664885e-58,7.150145851291604801e-53,3.467909743242680936e-48,1.098856792939162387e-43,2.401692030585926945e-39,3.727056162970733912e-35,4.165455170544669385e-31,3.366239694945849734e-27,1.958444412179122771e-23,8.101169878810692949e-20,2.331909278174887852e-16,4.519073248118798332e-13,5.610892499645547337e-10,4.136242885169721707e-07,1.597831014886680399e-04,2.559867454836478248e-02,9.469775277979985972e-01,2.706241802016821213e-02,2.004891161567337382e-04,6.918205872624442868e-07,1.407485434213279995e-09,1.918210031590381167e-12,1.897025681928558598e-15,1.437818248945765704e-18,8.689383048141271144e-22,4.314581826817487486e-25,1.801846350620528875e-28,6.448683790144362401e-32,2.008448178088974734e-35,5.513511777984587532e-39,1.348498049808026051e-42,2.965654691230118468e-46,5.911343020356085888e-50,1.075349186908889606e-53,1.796168043590600177e-57,2.769555085073736637e-61,3.961081338016396348e-65,5.277349359213795879e-69,6.574880604142224575e-73,7.686722619747977507e-77,8.459570094667763097e-81,8.789422668208213720e-85,8.644149914816039000e-89,8.066502937881036893e-93,7.158425714638858816e-97,6.053593559936077758e-101
3.969405092349587918e-67,8.317411123016623670e-62,7.772575945368917727e-57,4.289258485487456732e-52,1.560237712868097648e-47,3.955010795436526951e-43,7.203362428454352781e-39,9.581389286488126646e-35,9.369639652891469034e-31,6.730397642855136991e-27,3.523988761740964281e-23,1.325133559611177852e-19,3.496318568503550825e-16,6.253952814672193688e-13,7.209541218608113688e-10,4.959651281831626384e-07,1.795704101213593893e-04,2.706241802016821213e-02,9.440126255865862737e-01,2.852154543229200659e-02,2.225356430628388691e-04,8.064994132419810245e-07,1.719195402049434060e-09,2.449782422533863063e-12,2.528249921437675755e-15,1.996197757298483084e-18,1.254701811871049919e-21,6.469871321983102398e-25,2.802084140863195352e-28,1.038686879921803577e-31,3.346617396387947054e-35,9.493395221297109191e-39,2.396835670152322575e-42,5.435982847495119143e-46,1.116383920127652024e-49,2.090597561751441810e-53,3.591751467561130091e-57,5.692094190353122507e-61,8.361051558568709325e-65,1.143264989188509771e-68,1.460888156187175262e-72,1.750639025332791596e-76,1.973655555548088380e-80,2.099445712070981567e-84,2.112772443875298609e-88,2.016403041249638592e-92,1.829180411263167871e-96
3.229828633688869847e-71,7.540642390516353182e-66,7.900183315660597784e-61,4.921736127717932311e-56,2.037004067453231885e-51,5.927681200937735344e-47,1.252143485556158538e-42,1.954733342933145618e-38,2.274993614000862969e-34,1.977479019477614364e-30,1.278380136948411562e-26,6.084798323711529563e-23,2.097317099691156443e-19,5.107746410469692590e-16,8.483131983186551140e-13,9.126435079760445367e-10,5.885028857963387057e-07,2.004891161567337382e-04,2.852154543229200659e-02,9.410546686342626810e-01,2.997606577845769033e-02,2.457064208105892234e-04,9.331187023853864222e-07,2.079843313391973408e-09,3.092866482419522431e-12,3.325174644668281923e-15,2.730582955956625852e-18,1.782384618665839205e-21,9.531598623526231181e-25,4.275662915701043934e-28,1.639609287706482413e-31,5.458971668580453389e-35,1.598534464648990768e-38,4.162066942007776902e-42,9.725668311097514836e-46,2.056122639077795705e-49,3.960451764490717413e-53,6.993325095054911518e-57,1.138242834399972982e-60,1.715963149024777660e-64,2.406535381002848016e-68,3.152019060043196319e-72,3.869335066413823983e-76,4.466141707054346925e-80,4.861296088242071692e-84,5.003361690028265942e-88,4.881278795844712631e-92
2.496647009383614496e-75,6.458658647171985747e-70,7.539415300291521763e-65,5.265884194304255634e-60,2.460420490839837604e-55,8.146441712578884520e-51,1.975486445671534301e-46,3.576762699834913966e-42,4.885671047707403491e-38,5.054238706068525199e-34,3.953846301809794859e-30,2.323608797207790141e-26,1.013784608446028145e-22,3.225394399106094978e-19,7.293556706248800670e-16,1.130501155922550720e-12,1.140098477575565754e-09,6.918205872624442868e-07,2.225356430628388691e-04,2.997606577845769033e-02,9.381036449373584274e-01,3.142598803934849166e-02,2.699978858651108779e-04,1.072255954564314931e-06,2.494267297460037992e-09,3.864089651607575182e-12,4.320816844252108237e-15,3.684861802632543954e-18,2.494480976029188121e-21,1.381654381385872783e-24,6.411691331547043139e-28,2.540739484923079214e-31,8.732277033966341349e-35,2.636999290993476754e-38,7.074055204931543925e-42,1.701663026247267890e-45,3.700347568794947587e-49,7.325577127981964697e-53,1.328515527440180262e-56,2.219230371719833705e-60,3.431420976357424617e-64,4.932704151487441677e-68,6.618350156297770516e-72,8.317998605783562117e-76,9.824296524002403357e-80,1.093661541761847496e-83,1.150641403073506183e-87
1.838000002744652271e-79,5.242186788119798164e-74,6.780543186554410676e-69,5.276731883331700878e-64,2.764114322975656932e-59,1.033188658724244205e-54,2.850703607734577400e-50,5.925237717082139447e-46,9.386928475256639970e-42,1.139718767753673813e-37,1.061116637791559934e-33,7.546130195198393654e-30,4.065057998454584296e-26,1.637089370014155335e-22,4.836221342612572212e-19,1.020646782601657859e-15,1.483017803593252404e-12,1.407485434213279995e-09,8.064994132419810245e-07,2.457064208105892234e-04,3.142598803934849166e-02,9.351595425085071911e-01,3.287132118262445918e-02,2.954064811770969298e-04,1.224486834098834112e-06,2.967527970368093142e-09,4.781644096155974719e-12,5.552880996540241683e-15,4.911249513470219246e-18,3.443575676653793913e-21,1.973181555046994664e-24,9.462216763553964212e-28,3.870605312270749189e-31,1.371888551747510341e-34,4.268484407137683226e-38,1.178766149956297849e-41,2.916572845288320273e-45,6.518474130136750648e-49,1.325352908013521038e-52,2.466841596387154626e-56,4.226451939332832950e-60,6.698454515358093487e-64,9.864021734507766205e-68,1.355003796936548213e-71,1.742594218954356347e-75,2.104946022834582788e-79,2.395354667962152807e-83
1.291607284512486505e-83,4.043031718801214959e-78,5.765556464364668709e-73,4.971629631316169890e-68,2.901730255997797293e-63,1.216001390281054278e-58,3.787669396608476538e-54,8.957622832436463467e-50,1.629104493800601860e-45,2.294075741503258755e-41,2.506784910438754814e-37,2.121686430138157805e-33,1.383068304066061481e-29,6.877201646506672367e-26,2.571685071842921362e-22,7.090382595080453024e-19,1.402769243152214471e-15,1.918210031590381167e-12,1.719195402049434060e-09,9.331187023853864222e-07,2.699978858651108779e-04,3.287132118262445918e-02,9.322223493766278457e-01,3.431207416293759194e-02,3.219286561741702547e-04,1.390385172980533235e-06,3.504907726329181374e-09,5.865355279870063479e-12,7.064179904069649356e-15,6.471416766387024537e-18,4.694171313633777647e-21,2.779532310150628435e-24,1.375935500233623932e-27,5.804411770674600542e-31,2.119687060913032006e-34,6.789270714717726181e-38,1.928492423393332094e-41,4.904197257110057941e-45,1.125713462623290252e-48,2.349085636696489843e-52,4.484436607449302594e-56,7.875351763709367415e-60,1.278607569047397293e-63,1.927696910624542295e-67,2.709643266941817664e-71,3.563938044737338655e-75,4.400706420256681889e-79
8.681810627837477926e-88,2.970297404511860449e-82,4.648833036149387713e-77,4.419609147700855581e-72,2.858245099054627426e-67,1.334578703504490359e-62,4.660537968009889411e-58,1.244293592768801206e-53,2.574818890739131353e-49,4.162408855214063613e-45,5.275208872561228897e-41,5.240212670712282525e-37,4.065517797014670259e-33,2.446279133864943376e-29,1.129476607218089594e-25,3.941895514035231324e-22,1.018848473593539032e-18,1.897025681928558598e-15,2.449782422533863063e-12,2.079843313391973408e-09,1.072255954564314931e-06,2.954064811770969298e-04,3.431207416293759194e-02,9.292920535869064746e-01,3.574825592194693508e-02,3.495608667522569430e-04,1.570522974091551079e-06,4.111910030075852927e-09,7.136750317439561572e-12,8.903073149989780262e-15,8.437714739395648983e-18,6.324752276266240952e-21,3.865979384958373469e-24,1.973613303938925490e-27,8.578223568924188395e-31,3.224843451190656632e-34,1.062433737700229825e-37,3.101717822496904136e-41,8.101020834131991203e-45,1.908471278357089043e-48,4.084664512832499624e-52,7.992694715878747320e-56,1.437885373443667007e-59,2.390088262441476059e-63,3.687249689457114338e-67,5.300763237330484257e-71,7.126957762826222069e-75
5.592509437894767015e-92,2.083366118873958331e-86,3.563877728653358173e-81,3.718543748412684566e-76,2.651375059819006561e-71,1.371745548862768645e-66,5.337446094856384355e-62,1.597624253895312422e-57,3.732201842888248095e-53,6.864856827995727032e-49,9.987722021009086970e-45,1.150700462936648687e-40,1.047793253834011132e-36,7.503637284717493974e-33,4.192442491776459357e-29,1.806603732447749943e-25,5.910811540287342842e-22,1.437818248945765704e-18,2.528249921437675755e-15,3.092866482419522431e-12,2.494267297460037992e-09,1.224486834098834112e-06,3.219286561741702547e-04,3.574825592194693508e-02,9.263686432007777194e-01,3.717987538833383149e-02,3.782995752669679771e-04,1.765470414419530878e-06,4.794258710497211017e-09,8.619126109033495298e-12,1.112392310811342154e-14,1.089450086112258721e-17,8.430104945596369882e-21,5.314077635556691638e-24,2.795166110572653348e-27,1.250668547090874841e-30,4.836114500271116938e-34,1.637556893142835490e-37,4.910040793594874064e-41,1.316161468275005243e-44,3.180206896688512379e-48,6.976769814705956548e-52,1.398493940663743691e-55,2.575812995168644993e-59,4.381183285869340574e-63,6.912621463583588252e-67,1.015843033855905607e-70
3.458393257755635046e-96,1.397954445157456583e-90,2.603872151196297104e-85,2.969498862469757715e-80,2.323763212354355364e-75,1.325492343597662715e-70,5.714722842450772509e-66,1.905920540546384551e-61,4.991718193153426086e-57,1.036534174312407281e-52,1.715882549057515103e-48,2.269468909253798227e-44,2.396763160500605834e-40,2.014507751346204578e-36,1.339589951975205195e-32,6.985439881335874315e-29,2.821945403598492850e-25,8.689383048141271144e-22,1.996197757298483084e-18,3.325174644668281923e-15,3.864089651607575182e-12,2.967527970368093142e-09,1.390385172980533235e-06,3.495608667522569430e-04,3.717987538833383149e-02,9.234521062959064608e-01,3.860694147781690289e-02,4.081412505249918591e-04,1.975795848268496286e-06,5.557897255490658188e-09,1.033761725672321513e-11,1.378756845235055583e-14,1.393956913831399377e-17,1.112391429904675089e-20,7.224910378895145677e-24,3.912132353295791243e-27,1.800498581183615420e-30,7.155746849793673023e-34,2.488536680559616672e-37,7.658084569865936132e-41,2.105451357963476638e-44,5.214590628091473576e-48,1.171895976243429630e-51,2.405018108530352207e-55,4.532729971200668083e-59,7.884968730185980969e-63,1.271743580319329991e-66
2.056405168465430615e-100,8.990753171268938409e-95,1.817116017359867993e-89,2.256398470003208051e-84,1.929914785682623666e-79,1.208187045966125757e-74,5.742954469940055911e-70,2.122283192586999306e-65,6.193233741984138234e-61,1.441804212715186646e-56,2.694498684363053576e-52,4.054938616947246908e-48,4.916169026145501369e-44,4.792467605849924331e-40,3.740338802599439458e-36,2.321357584149253198e-32,1.134814872569349419e-28,4.314581826817487486e-25,1.254701811871049919e-21,2.730582955956625852e-18,4.320816844252108237e-15,4.781644096155974719e-12,3.504907726329181374e-09,1.570522974091551079e-06,3.782995752669679771e-04,3.860694147781690289e-02,9.205424309661703886e-01,4.002946309316724599e-02,4.390823677754927671e-04,2.202065810465671522e-06,6.408988108026801046e-09,1.231926376310317492e-11,1.696181510937807239e-14,1.768568891271497115e-17,1.454165787793265512e-20,9.722832852519212683e-24,5.415275697532294876e-27,2.561587656688516391e-30,1.045591138191895567e-33,3.731980501401202058e-37,1.177923971858472754e-40,3.319493160163975278e-44,8.422037260076646962e-48,1.937802702450950579e-51,4.069368263630195982e-55,7.843896651960557019e-59,1.394827518436075025e-62
1.177477403250755696e-104,5.551658135262630430e-99,1.213607339619104175e-93,1.635202154950270354e-88,1.522872750830509213e-83,1.042013886253923302e-78,5.436077601854533215e-74,2.214813435161638817e-69,7.161598439601366926e-65,1.857667766139042343e-60,3.892202669865591057e-56,6.612566569012066374e-52,9.121848732501245253e-48,1.020840012966518505e-43,9.240574725132716733e-40,6.731008430816607872e-36,3.916281487148959675e-32,1.801846350620528875e-28,6.469871321983102398e-25,1.782384618665839205e-21,3.684861802632543954e-18,5.552880996540241683e-15,5.865355279870063479e-12,4.111910030075852927e-09,1.765470414419530878e-06,4.081412505249918591e-04,4.002946309316724599e-02,9.176396053216419046e-01,4.144744912422328176e-02,4.711194087015219936e-04,2.444845019564217767e-06,7.353911963426052992e-09,1.459307851247871565e-11,2.072194459849238188e-14,2.226225588732378492e-17,1.884381881373263697e-20,1.295976759787115457e-23,7.418846926213669039e-27,3.604268327828727825e-30,1.509939035584229056e-33,5.527638752614232542e-37,1.788330612895516410e-40,5.162658055306546571e-44,1.341043439050316738e-47,3.157358204938386951e-51,6.781176645266517783e-55,1.336160964393797233e-58
6.501329970574110261e-109,3.296572664674777783e-103,7.771431342050893714e-98,1.132565483432777373e-92,1.144499943167328838e-87,8.526988731418077219e-83,4.862077764508665755e-78,2.174125440766382542e-73,7.750705675963189515e-69,2.227708395527027936e-64,5.200623281438759266e-60,9.905723105715064630e-56,1.542651565643130480e-51,1.964326195479354942e-47,2.041259155837625491e-43,1.724526307300023127e-39,1.177646292245543956e-35,6.448683790144362401e-32,2.802084140863195352e-28,9.531598623526231181e-25,2.494480976029188121e-21,4.911249513470219246e-18,7.064179904069649356e-15,7.136750317439561572e-12,4.794258710497211017e-09,1.975795848268496286e-06,4.390823677754927671e-04,4.144744912422328176e-02,9.147436174885689164e-01,4.286090844790620136e-02,5.042488614114361061e-04,2.704696381041933233e-06,8.399267067845455135e-09,1.719011453498982303e-11,2.515123970268621939e-14,2.781705924965924746e-17,2.421944034866092994e-20,1.712011042792993219e-23,1.006560428391316959e-26,5.018937081524068616e-30,2.156542632656182409e-33,8.092254582876952528e-37,2.681942902142233084e-40,7.926835416015741495e-44,2.106970651897044546e-47,5.073453964814026460e-51,1.113869140034477644e-54
3.465866815549468399e-113,1.885184676549397782e-107,4.779502527646456381e-102,7.511523348343302255e-97,8.210123292336199077e-92,6.637278691238337508e-87,4.120846928500035004e-82,2.014018574721789516e-77,7.880097075175662725e-73,2.497081892217350657e-68,6.459355585969302985e-64,1.370850287343926175e-59,2.393471866908112725e-55,3.440673727905512611e-51,4.068175061325354683e-47,3.945620848258147487e-43,3.125013562720788456e-39,2.008448178088974734e-35,1.038686879921803577e-31,4.275662915701043934e-28,1.381654381385872783e-24,3.443575676653793913e-21,6.471416766387024537e-18,8.903073149989780262e-15,8.619126109033495298e-12,5.557897255490658188e-09,2.202065810465671522e-06,4.711194087015219936e-04,4.286090844790620136e-02,9.118544556093580722e-01,4.426984992823464887e-02,5.384672204303267082e-04,2.982180990495876676e-06,9.551868517974180958e-09,2.014353205403899961e-11,3.034152741508442418e-14,3.451816870733611697e-17,3.089004502337934084e-20,2.242630962050662325e-23,1.353269636000802013e-26,6.920887722021869577e-30,3.048179804614569452e-33,1.171722819688006720e-36,3.975854131090249995e-40,1.202459824944041140e-43,3.268842510929490689e-47,8.046165168651010794e-51
1.786069169884641268e-117,1.039652883275897891e-111,2.827475524060222006e-106,4.778974748796044624e-101,5.632997372095277122e-96,4.925488166253141376e-91,3.318228905844865838e-86,1.765849730221503746e-81,7.551554345644516745e-77,2.626329859953719527e-72,7.490142691937450888e-68,1.761370084265696060e-63,3.426567998822980281e-59,5.522447812417615723e-55,7.371531257268680785e-51,8.134777730447293220e-47,7.396514045666172447e-43,5.513511777984587532e-39,3.346617396387947054e-35,1.639609287706482413e-31,6.411691331547043139e-28,1.973181555046994664e-24,4.694171313633777647e-21,8.437714739395648983e-18,1.112392310811342154e-14,1.033761725672321513e-11,6.408988108026801046e-09,2.444845019564217767e-06,5.042488614114361061e-04,4.426984992823464887e-02,9.089721078425561096e-01,4.567428241633995217e-02,5.737709866914536159e-04,3.277858136832948655e-06,1.081874756193633260e-08,2.348866531739131368e-11,3.639373910496776218e-14,4.255594523892085847e-17,3.911394243959597445e-20,2.914518508529640948e-23,1.803852191020239425e-26,9.456108867746867941e-30,4.266436543967947466e-33,1.679098394901940431e-36,5.830050552426636545e-40,1.803341135212705800e-43,5.011313459806389973e-47
8.907262247616458987e-122,5.536262190153605982e-116,1.611295885767561622e-110,2.921413200401684402e-105,3.703296446096340960e-100,3.492058429405221059e-95,2.544532919830822503e-90,1.469319628450701148e-85,6.841786157127858291e-81,2.600741269573424304e-76,8.140478311374606127e-72,2.110547598580728214e-67,4.549502590832919329e-63,8.169717030856689380e-59,1.222617672823241386e-54,1.523172698701898155e-50,1.575808591428443063e-46,1.348498049808026051e-42,9.493395221297109191e-39,5.458971668580453389e-35,2.540739484923079214e-31,9.462216763553964212e-28,2.779532310150628435e-24,6.324752276266240952e-21,1.089450086112258721e-17,1.378756845235055583e-14,1.231926376310317492e-11,7.353911963426052992e-09,2.704696381041933233e-06,5.384672204303267082e-04,4.567428241633995217e-02,9.060965623628315369e-01,4.707421475048106929e-02,6.101566675276949483e-04,3.592285305456427784e-06,1.220715090139944882e-08,2.726308921231420329e-11,4.341848784770722824e-14,5.214517935073834205e-17,4.919095023782885219e-20,3.759505848540269820e-23,2.385069198929510745e-26,1.280820048444708524e-29,5.916552534097238579e-33,2.382709991670781568e-36,8.461231866795378144e-40,2.675408371822753092e-43
4.303302933077806265e-126,2.850048514502428011e-120,8.857136012614045745e-115,1.718538473918485320e-109,2.336881380213249268e-104,2.369848004006068306e-99,1.862217884316325672e-94,1.163076718820695723e-89,5.876551625433439565e-85,2.432321678558813182e-80,8.321253260471402968e-76,2.367806316862419837e-71,5.627298258351003107e-67,1.119704427522811211e-62,1.867060001434783776e-58,2.607802988561025478e-54,3.045791306469101340e-50,2.965654691230118468e-46,2.396835670152322575e-42,1.598534464648990768e-38,8.732277033966341349e-35,3.870605312270749189e-31,1.375935500233623932e-27,3.865979384958373469e-24,8.430104945596369882e-21,1.393956913831399377e-17,1.696181510937807239e-14,1.459307851247871565e-11,8.399267067845455135e-09,2.982180990495876676e-06,5.737709866914536159e-04,4.707421475048106929e-02,9.032278073609568692e-01,4.846965575605963888e-02,6.476207766630001986e-04,3.926018181448454783e-06,1.372453999488735819e-08,3.150668566512392559e-11,5.153666286302526128e-14,6.352736061801852015e-17,6.146755366076899807e-20,4.815376965208653030e-23,3.129523141537383571e-26,1.720658363617487234e-29,8.133324407590056787e-33,3.349945777889973429e-36,1.216051324342233947e-39
