9.979437733426884671e-01,2.054111172809173613e-03,2.114033286728354149e-06,1.450468957589267693e-09,7.463908717064243996e-13,3.072657738460505532e-16,1.054097561971381149e-19,3.099564234141898722e-23,7.974960231056323894e-27
2.054111172809173613e-03,9.938397790636434026e-01,4.099770563878306004e-03,6.333400032003013225e-06,5.795906239712287865e-09,3.728882333252197633e-12,1.842329942971434431e-15,7.374344181868689486e-19,2.478375557828631713e-22
2.114033286728354149e-06,4.099770563878306004e-03,9.897484515831697083e-01,6.136999912331451458e-03,1.264942129429727968e-05,1.447485544330464957e-08,1.117743787835732463e-11,6.443731169743300789e-15,2.948003128707683854e-18
1.450468957589267693e-09,6.333400032003013225e-06,6.136999912331451458e-03,9.856697619366531216e-01,8.165820915537785191e-03,2.105343898189640623e-05,2.891991819275311097e-08,2.605921664865333400e-11,1.717149428566107107e-14
7.463908717064243996e-13,5.795906239712287865e-09,1.264942129429727968e-05,8.165820915537785191e-03,9.816036812116407662e-01,1.018625522917604442e-02,3.153681581610618908e-05,5.055776791421084277e-08,5.207552223790958033e-11
3.072657738460505532e-16,3.728882333252197633e-12,1.447485544330464957e-08,2.105343898189640623e-05,1.018625522917604442e-02,9.775501805477644357e-01,1.219832446729889226e-02,4.409093529451389520e-05,8.080916358679877816e-08
1.054097561971381149e-19,1.842329942971434431e-15,1.117743787835732463e-11,2.891991819275311097e-08,3.153681581610618908e-05,1.219832446729889226e-02,9.735092311366615458e-01,1.420205020239721609e-02,5.870720165430081398e-05
3.099564234141898722e-23,7.374344181868689486e-19,6.443731169743300789e-15,2.605921664865333400e-11,5.055776791421084277e-08,4.409093529451389520e-05,1.420205020239721609e-02,9.694808042219006383e-01,1.619745396546432362e-02
7.974960231056323894e-27,2.478375557828631713e-22,2.948003128707683854e-18,1.717149428566107107e-14,5.207552223790958033e-11,8.080916358679877816e-08,5.870720165430081398e-05,1.619745396546432362e-02,9.654648710989018889e-01
