9.995852285384195790e-01,4.146854320027214421e-04,8.601768143709327747e-08,1.189502684654183963e-11,1.233685284083952823e-15,1.023607193023042211e-19,7.077518736788375832e-24,4.194516787104758540e-28,2.175158451028905499e-32
4.146854320027214421e-04,9.987560297097770601e-01,8.290268289647751473e-04,2.579816790849417747e-07,4.757023841569828430e-11,6.167402855691851791e-15,6.140793885251457202e-19,4.953675900802935311e-23,3.355265413355448470e-27
8.601768143709327747e-08,8.290268289647751473e-04,9.979273468444902484e-01,1.243024369281955834e-03,5.158206622563007235e-07,1.189009282188807179e-10,1.849913833997281958e-14,2.148980652495298021e-18,1.981235500442061292e-22
1.189502684654183963e-11,2.579816790849417747e-07,1.243024369281955834e-03,9.970991797047323857e-01,1.656678231280987604e-03,8.594633347907381502e-07,2.377525300070900555e-10,4.315749335306658721e-14,5.729822622175160031e-18
1.233685284083952823e-15,4.757023841569828430e-11,5.158206622563007235e-07,1.656678231280987604e-03,9.962715280527636441e-01,2.069988593219542969e-03,1.288838435042356339e-06,4.159806223736114828e-10,8.630066333816054618e-14
1.023607193023042211e-19,6.167402855691851791e-15,1.189009282188807179e-10,8.594633347907381502e-07,2.069988593219542969e-03,9.954443916509300161e-01,2.482955633286264806e-03,1.803874735867516893e-06,6.654309333551515328e-10
7.077518736788375832e-24,6.140793885251457202e-19,1.849913833997281958e-14,2.377525300070900555e-10,1.288838435042356339e-06,2.482955633286264806e-03,9.946177702616640914e-01,2.895579529600789560e-03,2.404501044612572527e-06
4.194516787104758540e-28,4.953675900802935311e-23,2.148980652495298021e-18,4.315749335306658721e-14,4.159806223736114828e-10,1.803874735867516893e-06,2.895579529600789560e-03,9.937916636474840582e-01,3.307860460213768710e-03
2.175158451028905499e-32,3.355265413355448470e-27,1.981235500442061292e-22,5.729822622175160031e-18,8.630066333816054618e-14,6.654309333551515328e-10,2.404501044612572527e-06,3.307860460213768710e-03,9.929660715709951457e-01
