9.984629288252161450e-01,1.535889275175958326e-03,1.181293665242063824e-06,6.057097761300360442e-10,2.329338231219911646e-13,7.166226214922937641e-17,1.837245641814520415e-20,4.037356958040651706e-24,7.763099000590384667e-28,1.326846178918985698e-31,2.041026018269536373e-35,2.854196167943534986e-39,3.658731467001530751e-43,4.329274727172744499e-47,4.756801988044936229e-51,4.878112110561773203e-55,4.689858692683950155e-59,4.243642585508400530e-63,3.626554903429346400e-67,2.936084962095595313e-71,2.258221749701753056e-75,1.654151389531964321e-79,1.156592937801814228e-83,7.735362363010610430e-88,4.957895677261336190e-92,3.050600509367501851e-96,1.804845177491062036e-100,1.028262865603995248e-104,5.649032634309304617e-109,2.996429393577333775e-113,1.536422847744021348e-117,7.623897098228393473e-122,3.664839928631401679e-126,1.708319245124037742e-130,7.728906959991077797e-135,3.396862736563674788e-139,1.451454613028583786e-143,6.034338920725472380e-148,2.442722119631545215e-152,9.634682797763487086e-157,3.705146568690891445e-161,1.390111060081014484e-165,5.091293939446943070e-170,1.821325963071424701e-174,6.367412195928248194e-179,2.176598943573185871e-183,7.278611600155602035e-188,2.382202358162407219e-192
1.535889275175958326e-03,9.953935128621947959e-01,3.067055192820277495e-03,3.540247668804702599e-06,2.420975992246478792e-09,1.163952603223201941e-12,4.297531316798573183e-16,1.285506781400830820e-19,3.228643590008582264e-23,6.984400981511896615e-27,1.326438005111489074e-30,2.244500740844320317e-34,3.424157362260734208e-38,4.755225362268152218e-42,6.059652786656870080e-46,7.133739623471973530e-50,7.803478694259101409e-54,7.971317004361633168e-58,7.637251149935498733e-62,6.889338649394598401e-66,5.871266670228488391e-70,4.741570956235122716e-74,3.638624173869023347e-78,2.659807942174423029e-82,1.856248995756539435e-86,1.239321393982463423e-90,7.930622832626304989e-95,4.872526733095732684e-99,2.878819686553310609e-103,1.638045675654139318e-107,8.988366350657430088e-112,4.762438158113866200e-116,2.439412527315106766e-120,1.209284430006013524e-124,5.807759879637466956e-129,2.704879660830555540e-133,1.222766082663491013e-137,5.369935536407971018e-142,2.292863146752113346e-146,9.525864776125388494e-151,3.853576713079354113e-155,1.518996106194682341e-159,5.838038791481051875e-164,2.189099762731023651e-168,8.013273915035725580e-173,2.865139597610952498e-177,1.001168551936579083e-181,3.420723528715898575e-186
1.181293665242063824e-06,3.067055192820277495e-03,9.923311773940451941e-01,4.593506832989901686e-03,7.073235203047265500e-06,6.047785423631566625e-09,3.489709484752350956e-12,1.503364783937725589e-15,5.139767385506814063e-19,1.452330929083818189e-22,3.491006818978375729e-26,7.293164731394693538e-30,1.346323817922771865e-33,2.225131700627109304e-37,3.327870051990648876e-41,4.543740928629289634e-45,5.705821244495142556e-49,6.631681547922614066e-53,7.172887036497367795e-57,7.254148570047695921e-61,6.888223158400841434e-65,6.163881729490823959e-69,5.214963971312085924e-73,4.183832664438410058e-77,3.191342608807011516e-81,2.320013817855675455e-85,1.610919553175272549e-89,1.070507400734697133e-93,6.820760168742075122e-98,4.173829906180686568e-102,2.456807858231135540e-106,1.393053915106406767e-110,7.619144855033588463e-115,4.024643708916975078e-119,2.055591879663868594e-123,1.016266015227369108e-127,4.868355431293189664e-132,2.261923939601570211e-136,1.020202917837406614e-140,4.470721161007465091e-145,1.905022668845355695e-149,7.899224675623129701e-154,3.189652468122399782e-158,1.255086399740400523e-162,4.815674913673285816e-167,1.802860567042342803e-171,6.589370556691874450e-176,2.352588746511571271e-180
6.057097761300360442e-10,3.540247668804702599e-06,4.593506832989901686e-03,9.892759103205434057e-01,6.115253262707517380e-03,1.177663597101541195e-05,1.208626817665286952e-08,8.137645533379880026e-12,4.006917264388055881e-15,1.541252572929097642e-18,4.839241485215723880e-22,1.279598296098139270e-25,2.916368437485531057e-29,5.832438266548671103e-33,1.038128586336553081e-36,1.663541265070306724e-40,2.422795989012099709e-44,3.232635579565020870e-48,3.978243866236799561e-52,4.542006365072593867e-56,4.835272502675210479e-60,4.820975490455149431e-64,4.519484638263902839e-68,3.997553333452999555e-72,3.346598087177801397e-76,2.659096452432452928e-80,2.010420904594772674e-84,1.449649186291182460e-88,9.990220181916362490e-93,6.592650231526437186e-97,4.173371316382114879e-101,2.538432137843924585e-105,1.485771797627245043e-109,8.380227604053191624e-114,4.560824355655962785e-118,2.397966953575157451e-122,1.219408871664621659e-126,6.003777262562464761e-131,2.864858813925025131e-135,1.326153517933670165e-139,5.960478953037093974e-144,2.603325605369140856e-148,1.105806398983153181e-152,4.571492154407908854e-157,1.840658550087286318e-161,7.222995560565310252e-166,2.764192918274309111e-170,1.032264144197189798e-174
2.329338231219911646e-13,2.420975992246478792e-09,7.073235203047265500e-06,6.115253262707517380e-03,9.862276995577510252e-01,7.632303535976579963e-03,1.764683617785571632e-05,2.113470090438671012e-08,1.626527685593452464e-11,9.010941188039885979e-15,3.851438023509902433e-18,1.330279651137064817e-21,3.837482701954363051e-25,9.475281549351218964e-29,2.040782482456444023e-32,3.891984167507066160e-36,6.652590375996015861e-40,1.029462028244293795e-43,1.454387663550855967e-47,1.889302499585575900e-51,2.270592209167073108e-55,2.538084200505217563e-59,2.651107191304505506e-63,2.598303931434201762e-67,2.398180623652646334e-71,2.091331316770092858e-75,1.728181505341379110e-79,1.356860159611982149e-83,1.014629557380069560e-87,7.242052618346511141e-92,4.943924288005700920e-96,3.234007401478536921e-100,2.030530280221027888e-104,1.225636033474932400e-108,7.122486556498126670e-113,3.990337647384852885e-117,2.157969061270799928e-121,1.127851144780962888e-125,5.703087061995385180e-130,2.792998641870620170e-134,1.326043251727159454e-138,6.108996306549722943e-143,2.733276258280226835e-147,1.188650451079114088e-151,5.028264042935685706e-156,2.070589189106725909e-160,8.305850605252354629e-165,3.247699585359614079e-169
7.166226214922937641e-17,1.163952603223201941e-12,6.047785423631566625e-09,1.177663597101541195e-05,7.632303535976579963e-03,9.831865330379971901e-01,9.144666693796330362e-03,2.468022852223927279e-05,3.378951001820955016e-08,2.925948292818004630e-11,1.801264146429926481e-14,8.469439687326578055e-18,3.191443391290703612e-21,9.974044448483170022e-25,2.652262629279855336e-28,6.120635173910191631e-32,1.245115642327685501e-35,2.261345457355805853e-39,3.705248913198769674e-43,5.525539627183583233e-47,7.555756922059756622e-51,9.534761494037300982e-55,1.116566180095161738e-58,1.219311848092746441e-62,1.246994042827452629e-66,1.198914648769531275e-70,1.087340211914189103e-74,9.330931873156142467e-79,7.597442890656703526e-83,5.884127256678702094e-87,4.344717422598928757e-91,3.064883798556495372e-95,2.069537325525214497e-99,1.340007815942244971e-103,8.333470356810256838e-108,4.985245803025953682e-112,2.872766894325798728e-116,1.596748233275596251e-120,8.570893102051085490e-125,4.448016899048794694e-129,2.234207968229940013e-133,1.087265055546060061e-137,5.131141449644440515e-142,2.350432157038928529e-146,1.045931946573738585e-150,4.525098069598702121e-155,1.904802518718742816e-159,7.806940976416824754e-164
1.837245641814520415e-20,4.297531316798573183e-16,3.489709484752350956e-12,1.208626817665286952e-08,1.764683617785571632e-05,9.144666693796330362e-03,9.801523987098594848e-01,1.065235176417683380e-02,3.287321218779449747e-05,5.064527489536153954e-08,4.873579612896735874e-11,3.300624241282773427e-14,1.693143451465956091e-17,6.912134809177528399e-21,2.326481495199980350e-24,6.628616661072637874e-28,1.631712895834827506e-31,3.526923217657449588e-35,6.782430927060556814e-39,1.173070987608446339e-42,1.841468786027929535e-46,2.644006440933588580e-50,3.495446538175990298e-54,4.279438817637105140e-58,4.876457677433491306e-62,5.195009280723840335e-66,5.194535713735334281e-70,4.892346719600503557e-74,4.353852431112339919e-78,3.671626688090291107e-82,2.941701583977374272e-86,2.244505055848270694e-90,1.634418441404999274e-94,1.138120466262877351e-98,7.592572083358622983e-103,4.860692533796420903e-107,2.990850638903275350e-111,1.771369270356937852e-115,1.011179604094106909e-119,5.570576422413285862e-124,2.965083949088707900e-128,1.526578310024684282e-132,7.610222564660618020e-137,3.677020325076404571e-141,1.723514280694082327e-145,7.843886267324694401e-150,3.468981536394334200e-154,1.491986011623007894e-158
4.037356958040651706e-24,1.285506781400830820e-19,1.503364783937725589e-15,8.137645533379880026e-12,2.113470090438671012e-08,2.468022852223927279e-05,1.065235176417683380e-02,9.771252845381473984e-01,1.215536776215392009e-02,4.222219283454885577e-05,7.229473108248593796e-08,7.653769247929836792e-11,5.655311463554985616e-14,3.143027219850857265e-17,1.381895313944708510e-20,4.983613308787473480e-24,1.514646250970651965e-27,3.961623011895723100e-31,9.066906012875584170e-35,1.840509873141113747e-38,3.350894878496409364e-42,5.523273314150484555e-46,8.308136741270537677e-50,1.148296019760841490e-53,1.466985394279777662e-57,1.741310031131641889e-61,1.929278063023686567e-65,2.003313108253211527e-69,1.956665031675776143e-73,1.803497598095690488e-77,1.573352587783340520e-81,1.302593244037771013e-85,1.025938045348741041e-89,7.704237566564932088e-94,5.527406311099328276e-98,3.795883313537863681e-102,2.499528382157254192e-106,1.580721307494467626e-110,9.615080133743913401e-115,5.633189727880848435e-119,3.182898499116705641e-123,1.736539373965322969e-127,9.158687116546196449e-132,4.674462301060641069e-136,2.311082799164681881e-140,1.107886065097188972e-144,5.154157387634990012e-149,2.328998546004562812e-153
7.763099000590384667e-28,3.228643590008582264e-23,5.139767385506814063e-19,4.006917264388055881e-15,1.626527685593452464e-11,3.378951001820955016e-08,3.287321218779449747e-05,1.215536776215392009e-02,9.741051785038832289e-01,1.365372368980420116e-02,5.272358259037975714e-05,9.932877349514867291e-08,1.147358835848402202e-10,9.185168400952081365e-14,5.497880048799961324e-17,2.590057235913425796e-20,9.963819362580271074e-24,3.217633050704466842e-27,8.911158755386660962e-31,2.152838098604009358e-34,4.600185770890344252e-38,8.794166115731823666e-42,1.518588636218581126e-45,2.388130034972427125e-49,3.444264640638992892e-53,4.583545825766200416e-57,5.658341257164495758e-61,6.510311870353293115e-65,7.010568691311780599e-69,7.091918871933784940e-73,6.762211363022363240e-77,6.095959760787601033e-81,5.209731795222601733e-85,4.231493684117351800e-89,3.273927881806737801e-93,2.417974560096575028e-97,1.707966282333469303e-101,1.155913327061836423e-105,7.507681068465374286e-110,4.686900925448993176e-114,2.816332283454565488e-118,1.631087879625259459e-122,9.116030352654590053e-127,4.922373635925701614e-131,2.570740496505480381e-135,1.299878828248956488e-139,6.369842357342874348e-144,3.027834571388415303e-148
1.326846178918985698e-31,6.984400981511896615e-27,1.452330929083818189e-22,1.541252572929097642e-18,9.010941188039885979e-15,2.925948292818004630e-11,5.064527489536153954e-08,4.222219283454885577e-05,1.365372368980420116e-02,9.710920686042853189e-01,1.514742853626003562e-02,6.437380004247440974e-05,1.323364596133422203e-07,1.656276097804285036e-10,1.428071231649328102e-13,9.159105765101886088e-17,4.602775324654873063e-20,1.881411384885991389e-23,6.433286217801061549e-27,1.880718462690454796e-30,4.782858122770372094e-34,1.073122658398105254e-37,2.149212654359267798e-41,3.880041664186918671e-45,6.367122246779537854e-49,9.565670365781238783e-53,1.323909144942636794e-56,1.697227517344758491e-60,2.025118799947225172e-64,2.258630087479590078e-68,2.363642379909948901e-72,2.328894582241115407e-76,2.167174521632267835e-80,1.909999920282520746e-84,1.598375129300848102e-88,1.273049104279023501e-92,9.670835551109711620e-97,7.020894269076391096e-101,4.880022443867305754e-105,3.253005599620880940e-109,2.082866812606981212e-113,1.282876209006806755e-117,7.611054694217357306e-122,4.355053884915846944e-126,2.406288124617920587e-130,1.285263372484080229e-134,6.643287239716146796e-139,3.326210825972527488e-143
2.041026018269536373e-35,1.326438005111489074e-30,3.491006818978375729e-26,4.839241485215723880e-22,3.851438023509902433e-18,1.801264146429926481e-14,4.873579612896735874e-11,7.229473108248593796e-08,5.272358259037975714e-05,1.514742853626003562e-02,9.680859428527488486e-01,1.663649127772443351e-02,7.716927022879880281e-05,1.719050126729774641e-07,2.317359344751010443e-10,2.141008258121080562e-13,1.464812764036410967e-16,7.821708662102012919e-20,3.385382778411659409e-23,1.221948313971282582e-26,3.760384880547986997e-30,1.004142695711691667e-33,2.360311128759358824e-37,4.942102824678107898e-41,9.310190065517951798e-45,1.591474490539626186e-48,2.486624206726476735e-52,3.573943740282922754e-56,4.751467562612106423e-60,5.871941132338504134e-64,6.774897598748947414e-68,7.326266727967878939e-72,7.451465821232849135e-76,7.150759171961156113e-80,6.493200583006104661e-84,5.593650999657576292e-88,4.582454574724865851e-92,3.577816001335287897e-96,2.667656792958314697e-100,1.903013580681919031e-104,1.301073107112293024e-108,8.538932921413311779e-113,5.387577766125059689e-117,3.272457384993945263e-121,1.916055274746567628e-125,1.082737120054168354e-129,5.911719925230935769e-134,3.122092218121971348e-138
2.854196167943534986e-39,2.244500740844320317e-34,7.293164731394693538e-30,1.279598296098139270e-25,1.330279651137064817e-21,8.469439687326578055e-18,3.300624241282773427e-14,7.653769247929836792e-11,9.932877349514867291e-08,6.437380004247440974e-05,1.663649127772443351e-02,9.650867892788282942e-01,1.812092087748606514e-02,9.110642462957556581e-05,2.186198248533672234e-07,3.158090396962037880e-10,3.112596642808931366e-13,2.262806437160878886e-16,1.279423696155575984e-19,5.845480305474671436e-23,2.221040649098037860e-26,7.176908679251260896e-30,2.007770498246415842e-33,4.934028030960231115e-37,1.078040023655137745e-40,2.115518299198986002e-44,3.760943671740238862e-48,6.102427575780555292e-52,9.095756449549775924e-56,1.252456797691403953e-59,1.601192149223076855e-63,1.909009612659449860e-67,2.130979554439925755e-71,2.235140732956193761e-75,2.209951329834738673e-79,2.065764124296310009e-83,1.830432804099707243e-87,1.541195454562848640e-91,1.235836998782503866e-95,9.457052539500504914e-100,6.919339737991059416e-104,4.848973042422022044e-108,3.260006395751835929e-112,2.105856786583187166e-116,1.308864511154855251e-120,7.837718951167421400e-125,4.527422838567329696e-129,2.525706670331602971e-133
3.658731467001530751e-43,3.424157362260734208e-38,1.346323817922771865e-33,2.916368437485531057e-29,3.837482701954363051e-25,3.191443391290703612e-21,1.693143451465956091e-17,5.655311463554985616e-14,1.147358835848402202e-10,1.323364596133422203e-07,7.716927022879880281e-05,1.812092087748606514e-02,9.620945959282195536e-01,1.960072628593409472e-02,1.061817011587711044e-04,2.730644604607069013e-07,4.208195228311126375e-10,4.407250306354410451e-13,3.392717609970096622e-16,2.024975046367111749e-19,9.739136526074539438e-23,3.885625260519867535e-26,1.315398572870737408e-29,3.847240153004833758e-33,9.865720663925444584e-37,2.245423161910319476e-40,4.582682860190432646e-44,8.460496126868500386e-48,1.423642080494920100e-51,2.197765439582412064e-55,3.130634993153680733e-59,4.135776765732441405e-63,5.089946512217007932e-67,5.859374279168135005e-71,6.332051649665466107e-75,6.444865122820405588e-79,6.196529735873497842e-83,5.643166663798961251e-87,4.879896174422973793e-91,4.016028938244663894e-95,3.152016427120838044e-99,2.363865305788777658e-103,1.696972138236052572e-107,1.168056650614985074e-111,7.720755036292278668e-116,4.907797795786088516e-120,3.004194840965704439e-124,1.773089074534821463e-128
4.329274727172744499e-47,4.755225362268152218e-42,2.225131700627109304e-37,5.832438266548671103e-33,9.475281549351218964e-29,9.974044448483170022e-25,6.912134809177528399e-21,3.143027219850857265e-17,9.185168400952081365e-14,1.656276097804285036e-10,1.719050126729774641e-07,9.110642462957556581e-05,1.960072628593409472e-02,9.591093508627425157e-01,2.107591644057313363e-02,1.223915441555916946e-04,3.358206591075547684e-07,5.499636945651181169e-10,6.099216617269327117e-13,4.956407492498414653e-16,3.114147984881908040e-19,1.572707277841185153e-22,6.573650323023649921e-26,2.326592694106150496e-29,7.100776174033265515e-33,1.896804961325230990e-36,4.489859425436960487e-40,9.515927614666739003e-44,1.821910309905932275e-47,3.175242209288752454e-51,5.070899537803441387e-55,7.464151556596622874e-59,1.017880756886655153e-62,1.291874057045148730e-66,1.532237434268974408e-70,1.704555102627579728e-74,1.784503099593247776e-78,1.763410662026288571e-82,1.649345839863109974e-86,1.463802041488856665e-90,1.235565439414978865e-94,9.939920288286260440e-99,7.636320113341813758e-103,5.612504639027649278e-107,3.953042426844667840e-111,2.672319895812133130e-115,1.736448237386648563e-119,1.086036510434255986e-123
4.756801988044936229e-51,6.059652786656870080e-46,3.327870051990648876e-41,1.038128586336553081e-36,2.040782482456444023e-32,2.652262629279855336e-28,2.326481495199980350e-24,1.381895313944708510e-20,5.497880048799961324e-17,1.428071231649328102e-13,2.317359344751010443e-10,2.186198248533672234e-07,1.061817011587711044e-04,2.107591644057313363e-02,9.561310421603227416e-01,2.254650026603816776e-02,1.397324043759879861e-04,4.074683388883158390e-07,7.066608780140142186e-10,8.273262485463671215e-13,7.077469438868236552e-16,4.669425269770888619e-19,2.470552227362121456e-22,1.079624554400802354e-25,3.987329029316676781e-29,1.267670641331029645e-32,3.521804095250109265e-36,8.657111706497239416e-40,1.902795166134566116e-43,3.773231389125904000e-47,6.802859080509887223e-51,1.122650124613359482e-54,1.705815528170153808e-58,2.398921280415737025e-62,3.136948789756339085e-66,3.830057908257172827e-70,4.382555396588700895e-74,4.715582204797334689e-78,4.785811352517413840e-82,4.594062601861665683e-86,4.181814998052995163e-90,3.618044067903422000e-94,2.981659740315259728e-98,2.345200653095394393e-102,1.763754973973886433e-106,1.270498622111725671e-110,8.779661080026711425e-115,5.828977314290745661e-119
4.878112110561773203e-55,7.133739623471973530e-50,4.543740928629289634e-45,1.663541265070306724e-40,3.891984167507066160e-36,6.120635173910191631e-32,6.628616661072637874e-28,4.983613308787473480e-24,2.590057235913425796e-20,9.159105765101886088e-17,2.141008258121080562e-13,3.158090396962037880e-10,2.730644604607069013e-07,1.223915441555916946e-04,2.254650026603816776e-02,9.531596579149735904e-01,2.401248667410936510e-02,1.582007389841697789e-04,4.885855995507355610e-07,8.945527090499467252e-10,1.102535830239105403e-12,9.904101239780220513e-16,6.845856181838405968e-19,3.786884953313964409e-22,1.726867788175238243e-25,6.643689565331420347e-29,2.196732403574534236e-32,6.337747071794176319e-36,1.615639052726448812e-39,3.677982781337256725e-43,7.545011686333924299e-47,1.405669772034654737e-50,2.394577580057788128e-54,3.752186494296649595e-58,5.436718457665534992e-62,7.318474849155961188e-66,9.190853529896548718e-70,1.080885730449137970e-73,1.194461022990550811e-77,1.244157826019757191e-81,1.224938399645971155e-85,1.142899190635628821e-89,1.012941029726171928e-93,8.546517824483027701e-98,6.878549781515684866e-102,5.290739806921314052e-106,3.895821192246653069e-110,2.750704007640565743e-114
4.689858692683950155e-59,7.803478694259101409e-54,5.705821244495142556e-49,2.422795989012099709e-44,6.652590375996015861e-40,1.245115642327685501e-35,1.631712895834827506e-31,1.514646250970651965e-27,9.963819362580271074e-24,4.602775324654873063e-20,1.464812764036410967e-16,3.112596642808931366e-13,4.208195228311126375e-10,3.358206591075547684e-07,1.397324043759879861e-04,2.401248667410936510e-02,9.501951862367779000e-01,2.547388456372693885e-02,1.777930115441283480e-04,5.797487256634029480e-07,1.117502437819061832e-09,1.446335973142447970e-12,1.361215220804310482e-15,9.837132954593051796e-19,5.678385367973649579e-22,2.697400695953036500e-25,1.079297577593432164e-28,3.706035470547671818e-32,1.108843245042646094e-35,2.927702242174880162e-39,6.894803233887881573e-43,1.461564917639498240e-46,2.810830757730373051e-50,4.937972109948348726e-54,7.972105210429424428e-58,1.189099217831847715e-61,1.646415602041769346e-65,2.125087659160293970e-69,2.566760228112241537e-73,2.911125522508188826e-77,3.110011797165842713e-81,3.138533230053630128e-85,2.999768527994454725e-89,2.721979905982616117e-93,2.350043067529937097e-97,1.934393733317920734e-101,1.520936738675777578e-105,1.144287452110994387e-109
4.243642585508400530e-63,7.971317004361633168e-58,6.631681547922614066e-53,3.232635579565020870e-48,1.029462028244293795e-43,2.261345457355805853e-39,3.526923217657449588e-35,3.961623011895723100e-31,3.217633050704466842e-27,1.881411384885991389e-23,7.821708662102012919e-20,2.262806437160878886e-16,4.407250306354410451e-13,5.499636945651181169e-10,4.074683388883158390e-07,1.582007389841697789e-04,2.547388456372693885e-02,9.472376152518716674e-01,2.693070282100608684e-02,1.985056920111688517e-04,6.815321897792739528e-07,1.379594231449514096e-09,1.870768735207065230e-12,1.840834450674803021e-15,1.388237509114579447e-18,8.347711671685164784e-22,4.124166978514764007e-25,1.713699023982883751e-28,6.102493343692223825e-32,1.891108444727695715e-35,5.165397949402405743e-39,1.257029764991658490e-42,2.750651997202210822e-46,5.455331059417314494e-50,9.874256203026978444e-54,1.641050007946425684e-57,2.517705106986301653e-61,3.582850159400244902e-65,4.749531661606625773e-69,5.887662280230199256e-73,6.848829054971151212e-77,7.499693652628717618e-81,7.753105757311041238e-85,7.586785229973173051e-89,7.044350375439844425e-93,6.220042304127823087e-97,5.233705093392601987e-101,4.204525440447744548e-105
3.626554903429346400e-67,7.637251149935498733e-62,7.172887036497367795e-57,3.978243866236799561e-52,1.454387663550855967e-47,3.705248913198769674e-43,6.782430927060556814e-39,9.066906012875584170e-35,8.911158755386660962e-31,6.433286217801061549e-27,3.385382778411659409e-23,1.279423696155575984e-19,3.392717609970096622e-16,6.099216617269327117e-13,7.066608780140142186e-10,4.885855995507355610e-07,1.777930115441283480e-04,2.693070282100608684e-02,9.442869331024245083e-01,2.838295031925167078e-02,2.203352567234511154e-04,7.945086555952108230e-07,1.685132477948381393e-09,2.389200416162698998e-12,2.453366817060651066e-15,1.927365973691265290e-18,1.205368313222310126e-21,6.184346957007779947e-25,2.665008376963644768e-28,9.829273937972281156e-32,3.151101446213228368e-35,8.894008106415602015e-39,2.234261213675527941e-42,5.041892298115258838e-46,1.030264932986198685e-49,1.919666090821821678e-53,3.281568558468259966e-57,5.174486611189594862e-61,7.562686660226088789e-65,1.028921285184809226e-68,1.308194384120707797e-72,1.559811085816880362e-76,1.749713170188758332e-80,1.851911660655314560e-84,1.854336183479466549e-88,1.760894092980818365e-92,1.589397734543921030e-96,1.366438408849876839e-100
2.936084962095595313e-71,6.889338649394598401e-66,7.254148570047695921e-61,4.542006365072593867e-56,1.889302499585575900e-51,5.525539627183583233e-47,1.173070987608446339e-42,1.840509873141113747e-38,2.152838098604009358e-34,1.880718462690454796e-30,1.221948313971282582e-26,5.845480305474671436e-23,2.024975046367111749e-19,4.956407492498414653e-16,8.273262485463671215e-13,8.945527090499467252e-10,5.797487256634029480e-07,1.985056920111688517e-04,2.838295031925167078e-02,9.413431279466228929e-01,2.983063591897320774e-02,2.432781883935394949e-04,9.192489811075467530e-07,2.038641091286033828e-09,3.016389093788119290e-12,3.226694927188409289e-15,2.636433615641975003e-18,1.712306158412893055e-21,9.110970113109739232e-25,4.066506556767962652e-28,1.551592684095621532e-31,5.140053963079773876e-35,1.497609009359933436e-38,3.879762994491540176e-42,9.020598663133072955e-46,1.897512982935990049e-49,3.636640372849906619e-53,6.389388202268999751e-57,1.034738124402320827e-60,1.552113522251778781e-64,2.165847150965571201e-68,2.822568169359964849e-72,3.447561454624113699e-76,3.959389865218902114e-80,4.288130062435986661e-84,4.391348423559794994e-88,4.262748852517029855e-92,3.931250981223020081e-96
2.258221749701753056e-75,5.871266670228488391e-70,6.888223158400841434e-65,4.835272502675210479e-60,2.270592209167073108e-55,7.555756922059756622e-51,1.841468786027929535e-46,3.350894878496409364e-42,4.600185770890344252e-38,4.782858122770372094e-34,3.760384880547986997e-30,2.221040649098037860e-26,9.739136526074539438e-23,3.114147984881908040e-19,7.077469438868236552e-16,1.102535830239105403e-12,1.117502437819061832e-09,6.815321897792739528e-07,2.203352567234511154e-04,2.983063591897320774e-02,9.384061879586513832e-01,3.127376846789956671e-02,2.673309760999620648e-04,1.056322221763681922e-06,2.444862817666528788e-09,3.768551946644860567e-12,4.192859068327395802e-15,3.557816224212792416e-18,2.396408970935525670e-21,1.320684155106036007e-24,6.098053580553163704e-28,2.404352008997008290e-31,8.222139877121551367e-35,2.470511804076861036e-38,6.594244235025747691e-42,1.578301211193717519e-45,3.414905227450181369e-49,6.726634747338541577e-53,1.213787181269135968e-56,2.017428953422266872e-60,3.103772262036588676e-64,4.439365752062608770e-68,5.926600285025979301e-72,7.411306950619677443e-76,8.709585752155649516e-80,9.647150971205258933e-84,1.009895050928276454e-87,1.001635912299990535e-91
1.654151389531964321e-79,4.741570956235122716e-74,6.163881729490823959e-69,4.820975490455149431e-64,2.538084200505217563e-59,9.534761494037300982e-55,2.644006440933588580e-50,5.523273314150484555e-46,8.794166115731823666e-42,1.073122658398105254e-37,1.004142695711691667e-33,7.176908679251260896e-30,3.885625260519867535e-26,1.572707277841185153e-22,4.669425269770888619e-19,9.904101239780220513e-16,1.446335973142447970e-12,1.379594231449514096e-09,7.945086555952108230e-07,2.432781883935394949e-04,3.127376846789956671e-02,9.354761013286766458e-01,3.271235680099375542e-02,2.924901152787781817e-04,1.206295633609705892e-06,2.908758542982572479e-09,4.663432363633912151e-12,5.388448489096608029e-15,4.741930086301119723e-18,3.308195143023141505e-21,1.886111090301229055e-24,8.999370537318567579e-28,3.662835062365244322e-31,1.291744749042902384e-34,3.998997198794748650e-38,1.098815274705706083e-41,2.705138936560609129e-45,6.015648866287106391e-49,1.216992523137312091e-52,2.253811179550450042e-56,3.842130687372047213e-60,6.058858063428506433e-64,8.877489859177638421e-68,1.213379634687999444e-71,1.552646206187043771e-75,1.866110127901734070e-79,2.112935399942706151e-83,2.259983758757529599e-87
1.156592937801814228e-83,3.638624173869023347e-78,5.214963971312085924e-73,4.519484638263902839e-68,2.651107191304505506e-63,1.116566180095161738e-58,3.495446538175990298e-54,8.308136741270537677e-50,1.518588636218581126e-45,2.149212654359267798e-41,2.360311128759358824e-37,2.007770498246415842e-33,1.315398572870737408e-29,6.573650323023649921e-26,2.470552227362121456e-22,6.845856181838405968e-19,1.361215220804310482e-15,1.870768735207065230e-12,1.685132477948381393e-09,9.192489811075467530e-07,2.673309760999620648e-04,3.271235680099375542e-02,9.325528562628279117e-01,3.414640974046778688e-02,3.187521077151556428e-04,1.369734676434061391e-06,3.435506601453602434e-09,5.720366840734009201e-12,6.855009831207618415e-15,6.248321374064070721e-18,4.509632699236585604e-21,2.656884169554383918e-24,1.308633182654113788e-27,5.492843799663257851e-31,1.995860297082001064e-34,6.360642797917819108e-38,1.797692544602533206e-41,4.548676990379488391e-45,1.038878570063791337e-48,2.157027081604590471e-52,4.097174950806622176e-56,7.159232979376330996e-60,1.156521623543381175e-63,1.734903093254441929e-67,2.426434655026135739e-71,3.175460123597949048e-75,3.901386457118098433e-79,4.513464216828557282e-83
7.735362363010610430e-88,2.659807942174423029e-82,4.183832664438410058e-77,3.997553333452999555e-72,2.598303931434201762e-67,1.219311848092746441e-62,4.279438817637105140e-58,1.148296019760841490e-53,2.388130034972427125e-49,3.880041664186918671e-45,4.942102824678107898e-41,4.934028030960231115e-37,3.847240153004833758e-33,2.326592694106150496e-29,1.079624554400802354e-25,3.786884953313964409e-22,9.837132954593051796e-19,1.840834450674803021e-15,2.389200416162698998e-12,2.038641091286033828e-09,1.056322221763681922e-06,2.924901152787781817e-04,3.414640974046778688e-02,9.296364409831797682e-01,3.557593609579726840e-02,3.461134615349554340e-04,1.547203016907246527e-06,4.030502085445586657e-09,6.960351665279814032e-12,8.639472657150950212e-15,8.146849042073892927e-18,6.076122253866472469e-21,3.695396992618893956e-24,1.877078900665785119e-27,8.117774000255512224e-31,3.036459860038912975e-34,9.953600704895300412e-38,2.891346988852973073e-41,7.513760315443501408e-45,1.761257890584431438e-48,3.750710240190323956e-52,7.302477018356168897e-56,1.307137085982171952e-59,2.161875826959125021e-63,3.318480907743236107e-67,4.746737119290897027e-71,6.350106116826327400e-75,7.971417305774517415e-79
4.957895677261336190e-92,1.856248995756539435e-86,3.191342608807011516e-81,3.346598087177801397e-76,2.398180623652646334e-71,1.246994042827452629e-66,4.876457677433491306e-62,1.466985394279777662e-57,3.444264640638992892e-53,6.367122246779537854e-49,9.310190065517951798e-45,1.078040023655137745e-40,9.865720663925444584e-37,7.100776174033265515e-33,3.987329029316676781e-29,1.726867788175238243e-25,5.678385367973649579e-22,1.388237509114579447e-18,2.453366817060651066e-15,3.016389093788119290e-12,2.444862817666528788e-09,1.206295633609705892e-06,3.187521077151556428e-04,3.557593609579726840e-02,9.267268437277352833e-01,3.700094466373640700e-02,3.745706911963279429e-04,1.739262531717558185e-06,4.699356156471023806e-09,8.406109388137854867e-12,1.079459201942404849e-14,1.051896497885819126e-17,8.098726117620852034e-21,5.079607256054210428e-24,2.658451231540289995e-27,1.183538484065775468e-30,4.553611756785795910e-34,1.534176193565709853e-37,4.577027032289655457e-41,1.220751258714485756e-44,2.934898552509414200e-48,6.406368115578721594e-52,1.277726542490658808e-55,2.341593677292894216e-59,3.962858347681218502e-63,6.221281558158358184e-67,9.096695827021127889e-71,1.243403034043500362e-74
3.050600509367501851e-96,1.239321393982463423e-90,2.320013817855675455e-85,2.659096452432452928e-80,2.091331316770092858e-75,1.198914648769531275e-70,5.195009280723840335e-66,1.741310031131641889e-61,4.583545825766200416e-57,9.565670365781238783e-53,1.591474490539626186e-48,2.115518299198986002e-44,2.245423161910319476e-40,1.896804961325230990e-36,1.267670641331029645e-32,6.643689565331420347e-29,2.697400695953036500e-25,8.347711671685164784e-22,1.927365973691265290e-18,3.226694927188409289e-15,3.768551946644860567e-12,2.908758542982572479e-09,1.369734676434061391e-06,3.461134615349554340e-04,3.700094466373640700e-02,9.238240527504069100e-01,3.842144422833244921e-02,4.041203174813151632e-04,1.946473310702886020e-06,5.447895357367804362e-09,1.008215508413758949e-11,1.337940801698973338e-14,1.345909514572367158e-17,1.068666297153310453e-20,6.906139984896068796e-24,3.720790574510371948e-27,1.703858401829575231e-30,6.737750274940466093e-34,2.331435305497360146e-37,7.138697569364419895e-41,1.952826415986073044e-44,4.812362504606000363e-48,1.076085878522001998e-51,2.197333779837283517e-55,4.120570894825516644e-59,7.132099972334281569e-63,1.144555722134535130e-66,1.709950052275547949e-70
1.804845177491062036e-100,7.930622832626304989e-95,1.610919553175272549e-89,2.010420904594772674e-84,1.728181505341379110e-79,1.087340211914189103e-74,5.194535713735334281e-70,1.929278063023686567e-65,5.658341257164495758e-61,1.323909144942636794e-56,2.486624206726476735e-52,3.760943671740238862e-48,4.582682860190432646e-44,4.489859425436960487e-40,3.521804095250109265e-36,2.196732403574534236e-32,1.079297577593432164e-28,4.124166978514764007e-25,1.205368313222310126e-21,2.636433615641975003e-18,4.192859068327395802e-15,4.663432363633912151e-12,3.435506601453602434e-09,1.547203016907246527e-06,3.745706911963279429e-04,3.842144422833244921e-02,9.209280563210000548e-01,3.983744356094071765e-02,4.347588674874641734e-04,2.169393659978561399e-06,6.282160925655418246e-09,1.201486240111468700e-11,1.645972228474447725e-14,1.707612542384288775e-17,1.397008824149179012e-20,9.293865977319719081e-24,5.150422667045383213e-27,2.424099818886466120e-30,9.845150366467227921e-34,3.496384358485783926e-37,1.098035886059758017e-40,3.078864862053191605e-44,7.772409404915434176e-48,1.779376292403518912e-51,3.717962706237330664e-55,7.130660214495962250e-59,1.261648204421766224e-62,2.068715230577426478e-66
1.028262865603995248e-104,4.872526733095732684e-99,1.070507400734697133e-93,1.449649186291182460e-88,1.356860159611982149e-83,9.330931873156142467e-79,4.892346719600503557e-74,2.003313108253211527e-69,6.510311870353293115e-65,1.697227517344758491e-60,3.573943740282922754e-56,6.102427575780555292e-52,8.460496126868500386e-48,9.515927614666739003e-44,8.657111706497239416e-40,6.337747071794176319e-36,3.706035470547671818e-32,1.713699023982883751e-28,6.184346957007779947e-25,1.712306158412893055e-21,3.557816224212792416e-18,5.388448489096608029e-15,5.720366840734009201e-12,4.030502085445586657e-09,1.739262531717558185e-06,4.041203174813151632e-04,3.983744356094071765e-02,9.180388427251947592e-01,4.124895142023891209e-02,4.664828746194468506e-04,2.408580105061252177e-06,7.208408108067086516e-09,1.423252939792288829e-11,2.010859136186653659e-14,2.149499587868383359e-17,1.810318101997340935e-20,1.238800785635347052e-23,7.056012162151268245e-27,3.410821197443460342e-30,1.421740680221195236e-33,5.178690254837733053e-37,1.667045805446725304e-40,4.788424346282705010e-44,1.237604134308851552e-47,2.899228679165222801e-51,6.195601082262978481e-55,1.214666335873162270e-58,2.195880669420066806e-62
5.649032634309304617e-109,2.878819686553310609e-103,6.820760168742075122e-98,9.990220181916362490e-93,1.014629557380069560e-87,7.597442890656703526e-83,4.353852431112339919e-78,1.956665031675776143e-73,7.010568691311780599e-69,2.025118799947225172e-64,4.751467562612106423e-60,9.095756449549775924e-56,1.423642080494920100e-51,1.821910309905932275e-47,1.902795166134566116e-43,1.615639052726448812e-39,1.108843245042646094e-35,6.102493343692223825e-32,2.665008376963644768e-28,9.110970113109739232e-25,2.396408970935525670e-21,4.741930086301119723e-18,6.855009831207618415e-15,6.960351665279814032e-12,4.699356156471023806e-09,1.946473310702886020e-06,4.347588674874641734e-04,4.124895142023891209e-02,9.151564002645278251e-01,4.265597655224225015e-02,4.992888785806923234e-04,2.664587393988934450e-06,8.233105476256459352e-09,1.676544417177094062e-11,2.440683688500408096e-14,2.685840713898272220e-17,2.326755909245237612e-20,1.636482980722663655e-23,9.573337605763746080e-27,4.749568435660457339e-30,2.030577374442004830e-33,7.581415534437205317e-37,2.500055777816817207e-40,7.352237553933883695e-44,1.944454511294674137e-47,4.658678216454491389e-51,1.017683926348295841e-54,2.038590552495166290e-58
2.996429393577333775e-113,1.638045675654139318e-107,4.173829906180686568e-102,6.592650231526437186e-97,7.242052618346511141e-92,5.884127256678702094e-87,3.671626688090291107e-82,1.803497598095690488e-77,7.091918871933784940e-73,2.258630087479590078e-68,5.871941132338504134e-64,1.252456797691403953e-59,2.197765439582412064e-55,3.175242209288752454e-51,3.773231389125904000e-47,3.677982781337256725e-43,2.927702242174880162e-39,1.891108444727695715e-35,9.829273937972281156e-32,4.066506556767962652e-28,1.320684155106036007e-24,3.308195143023141505e-21,6.248321374064070721e-18,8.639472657150950212e-15,8.406109388137854867e-12,5.447895357367804362e-09,2.169393659978561399e-06,4.664828746194468506e-04,4.265597655224225015e-02,9.122807172563756062e-01,4.405852769031780997e-02,5.331734253650257131e-04,2.937968500436909495e-06,9.362934243677283439e-09,1.964595027523990224e-11,2.944357255235363992e-14,3.332864257559936476e-17,2.967604433457573827e-20,2.143697088457490616e-23,1.287088681150198798e-26,6.549448970789745571e-30,2.870136776008230270e-33,1.097756789971092751e-36,3.706218855992056516e-40,1.115297388534279659e-43,3.016710912031108418e-47,7.388364397098898545e-51,1.649082727105352955e-54
1.536422847744021348e-117,8.988366350657430088e-112,2.456807858231135540e-106,4.173371316382114879e-101,4.943924288005700920e-96,4.344717422598928757e-91,2.941701583977374272e-86,1.573352587783340520e-81,6.762211363022363240e-77,2.363642379909948901e-72,6.774897598748947414e-68,1.601192149223076855e-63,3.130634993153680733e-59,5.070899537803441387e-55,6.802859080509887223e-51,7.545011686333924299e-47,6.894803233887881573e-43,5.165397949402405743e-39,3.151101446213228368e-35,1.551592684095621532e-31,6.098053580553163704e-28,1.886111090301229055e-24,4.509632699236585604e-21,8.146849042073892927e-18,1.079459201942404849e-14,1.008215508413758949e-11,6.282160925655418246e-09,2.408580105061252177e-06,4.992888785806923234e-04,4.405852769031780997e-02,9.094117820339370217e-01,4.545661355519935859e-02,5.681330672483145185e-04,3.229274626829899810e-06,1.060478758363483522e-08,2.290851192333647637e-11,3.531674780477000822e-14,4.108950995375508918e-17,3.757680145252502908e-20,2.785948570008886692e-23,1.715638144571953649e-26,8.948618287981185608e-30,4.017240386746192494e-33,1.573105577703994685e-36,5.434672622609179030e-40,1.672624368558500563e-43,4.624786210462874048e-47,1.157312566557728446e-50
7.623897098228393473e-122,4.762438158113866200e-116,1.393053915106406767e-110,2.538432137843924585e-105,3.234007401478536921e-100,3.064883798556495372e-95,2.244505055848270694e-90,1.302593244037771013e-85,6.095959760787601033e-81,2.328894582241115407e-76,7.326266727967878939e-72,1.909009612659449860e-67,4.135776765732441405e-63,7.464151556596622874e-59,1.122650124613359482e-54,1.405669772034654737e-50,1.461564917639498240e-46,1.257029764991658490e-42,8.894008106415602015e-39,5.140053963079773876e-35,2.404352008997008290e-31,8.999370537318567579e-28,2.656884169554383918e-24,6.076122253866472469e-21,1.051896497885819126e-17,1.337940801698973338e-14,1.201486240111468700e-11,7.208408108067086516e-09,2.664587393988934450e-06,5.331734253650257131e-04,4.545661355519935859e-02,9.065495829462143496e-01,4.685024285500187513e-02,6.041643627801269274e-04,3.539055207450211946e-06,1.196576994850742343e-08,2.658977899093700253e-11,4.213370817013749451e-14,5.034840622033124773e-17,4.725787374304930192e-20,3.593666034788773990e-23,2.268435007394058002e-26,1.212082545279883872e-29,5.570982215450613093e-33,2.232304274727419258e-36,7.887422629362587655e-40,2.481481447118621355e-43,7.010503580004790890e-47
3.664839928631401679e-126,2.439412527315106766e-120,7.619144855033588463e-115,1.485771797627245043e-109,2.030530280221027888e-104,2.069537325525214497e-99,1.634418441404999274e-94,1.025938045348741041e-89,5.209731795222601733e-85,2.167174521632267835e-80,7.451465821232849135e-76,2.130979554439925755e-71,5.089946512217007932e-67,1.017880756886655153e-62,1.705815528170153808e-58,2.394577580057788128e-54,2.810830757730373051e-50,2.750651997202210822e-46,2.234261213675527941e-42,1.497609009359933436e-38,8.222139877121551367e-35,3.662835062365244322e-31,1.308633182654113788e-27,3.695396992618893956e-24,8.098726117620852034e-21,1.345909514572367158e-17,1.645972228474447725e-14,1.423252939792288829e-11,8.233105476256459352e-09,2.937968500436909495e-06,5.681330672483145185e-04,4.685024285500187513e-02,9.036941083579967948e-01,4.823942428523635140e-02,6.412638767753973913e-04,3.867857911541980972e-06,1.345319639013682857e-08,3.072865180097671669e-11,5.001177221732410741e-14,6.133850907610586518e-17,5.905214025144489512e-20,4.602967559154440958e-23,2.976487999885395695e-26,1.628318251100921200e-29,7.658287381706278826e-33,3.138487931532835336e-36,1.133584422249359452e-39,3.643974981732050097e-43
