9.852821678855284704e-01,1.460898952885938615e-02,1.083053068504935150e-04,5.352886530952919560e-07,1.984209849440538947e-09,5.884060801738627755e-12,1.454070475808417529e-14,3.079973439906830749e-17,5.708428153800651282e-20,9.404453966284024881e-23,1.394418512748781904e-25,1.879576514458340667e-28,2.322406930167349330e-31,2.648832653100374475e-34,2.805343466509530010e-37,2.773028523395429750e-40,2.569767954674563700e-43,2.241323489983272038e-46,1.846254609604292174e-49,1.440779586773001766e-52,1.068137361185174891e-55,7.541667242305810834e-59,5.082814269495999468e-62,3.276694555144503220e-65,2.024343804142025636e-68,1.200615149708387945e-71,6.846837586997319723e-75,3.759982442724817540e-78,1.991073722143690181e-81,1.018002624757207787e-84,5.031380914750389126e-88,2.406495529421458723e-91,1.115050754509136568e-94,5.010029130285957332e-98,2.184846292207818373e-101,9.255766707645634893e-105,3.812145374325293073e-108,1.527662031578915554e-111,5.960782058815876556e-115,2.266199770348979552e-118,8.400357226189589672e-122,3.037899855073945853e-125,1.072466456795197849e-128,3.698067357155735057e-132,1.246182636318599011e-135,4.106092577879889246e-139,1.323519853322557427e-142,4.175342992595300391e-146
1.460898952885938615e-02,9.562807994415106760e-01,2.878636369627608424e-02,3.217121254723065752e-04,2.125310353889653078e-06,9.862295883413853386e-09,3.513009195147555665e-11,1.013541936992545620e-13,2.454853730887953433e-16,5.120671265466403063e-19,9.376586271370709133e-22,1.529728082580168348e-24,2.249921484200056533e-27,3.012245971800345845e-30,3.700514912177082848e-33,4.199700225822837037e-36,4.428626190227660907e-39,4.360988346339110863e-42,4.027738502856528235e-45,3.502410932093138194e-48,2.877288207851383799e-51,2.239922076466237712e-54,1.656931108668447429e-57,1.167540488331225921e-60,7.854353083624798862e-64,5.054858214784294982e-67,3.118040048891828972e-70,1.846616315470847303e-73,1.051680377899309366e-76,5.768210888407384193e-80,3.050989791736386693e-83,1.558236413160620874e-86,7.693651022629418637e-90,3.676361613501902103e-93,1.701924532770359061e-96,7.640484358404346558e-100,3.329331835317867214e-103,1.409363545106707989e-106,5.800586409453089508e-110,2.322937703131607788e-113,9.058080041153904580e-117,3.441655835292482738e-120,1.275017226324245746e-123,4.608425974612556541e-127,1.626053181202729461e-130,5.604126988932735567e-134,1.887585143800812730e-137,6.216619107290019842e-141
1.083053068504935150e-04,2.878636369627608424e-02,9.279228512800178352e-01,4.254010426985074117e-02,6.370719835177276677e-04,5.273929149435929094e-06,2.941158465980974966e-08,1.223481632095940759e-10,4.037006529453254151e-13,1.100592283158072092e-15,2.551905048872495471e-18,5.141838573978166392e-21,9.153638822633274295e-24,1.458836846680151312e-26,2.103764646622863945e-29,2.769510132852468789e-32,3.353120935364181851e-35,3.757358294097404888e-38,3.918045674309457389e-41,3.820050108120243726e-44,3.496946431075715141e-47,3.016674592944408274e-50,2.460436068914813570e-53,1.902903126778409173e-56,1.399242715633342688e-59,9.805813742264506858e-63,6.563523068605957567e-66,4.204554334056282843e-69,2.582424140033901076e-72,1.523321906044712397e-75,8.643470874965790513e-79,4.724360697732832260e-82,2.490793835282120291e-85,1.268276272094203342e-88,6.244199727987429256e-92,2.975770766483213781e-95,1.374122178912070698e-98,6.154191287923256231e-102,2.675644971406059824e-105,1.130231814564452873e-108,4.642343460166595526e-112,1.855530013704156272e-115,7.222250673761636475e-119,2.739351855234589836e-122,1.013154637577393918e-125,3.656154275770290228e-129,1.288099940164191500e-132,4.432965923636188471e-136
5.352886530952919560e-07,3.217121254723065752e-04,4.254010426985074117e-02,9.001977363278261812e-01,5.587808272345715088e-02,1.051291029202738522e-03,1.046968946543188951e-05,6.822021262780282056e-08,3.246501040670704602e-10,1.205974026486650216e-12,3.655049011901939976e-15,9.326169742491850945e-18,2.050639175341080566e-20,3.955888303017386756e-23,6.791088768184057557e-26,1.049483841529457378e-28,1.473944590960502847e-31,1.896346826833087556e-34,2.250238120252658564e-37,2.477101844888335360e-40,2.542505828853166087e-43,2.444043169988907230e-46,2.208948901246867538e-49,1.883671366734436060e-52,1.520271090688041128e-55,1.164532603722732179e-58,8.487874036364767773e-62,5.900165569140357053e-65,3.919775975476446251e-68,2.493602216436836506e-71,1.521708944297996989e-74,8.922455453240878345e-78,5.034337879885921446e-81,2.737252819739732043e-84,1.436048025136765391e-87,7.278354630818695057e-91,3.567810999638360207e-94,1.693315047333158642e-97,7.788888882205717504e-101,3.475551175115788523e-104,1.505799945394590709e-107,6.339712693012709426e-111,2.595816477463236123e-114,1.034440655354189068e-117,4.014879768697952760e-121,1.518684055942085185e-124,5.602325489596231275e-128,2.016693587966613302e-131
1.984209849440538947e-09,2.125310353889653078e-06,6.370719835177276677e-04,5.587808272345715088e-02,8.730950047649626011e-01,6.880806146245475874e-02,1.561329336289563226e-03,1.818607367833593227e-05,1.356312106615079291e-07,7.268531242497656832e-10,3.002166127712975204e-12,1.001413776655669735e-14,2.788635216572594055e-17,6.644820553026477956e-20,1.380829585015640698e-22,2.540367073084950411e-25,4.188362534266529487e-28,6.250999928063972714e-31,8.516695407227339381e-34,1.066882668246640927e-36,1.236391049385207846e-39,1.332617113591757900e-42,1.342126306695479753e-45,1.268262844741096066e-48,1.128607252733996621e-51,9.488889901733831013e-55,7.559704802441276403e-58,5.722237488172275828e-61,4.125217966922332216e-64,2.838597029195849711e-67,1.868148040260519755e-70,1.178075687271254042e-73,7.130666812219493315e-77,4.149224082805027001e-80,2.324439654512690075e-83,1.255377804124901007e-86,6.544633835597930145e-90,3.297347274413818193e-93,1.607286576271621032e-96,7.587912165358573418e-100,3.472766091555602334e-103,1.542240669786866445e-106,6.651637592139304439e-110,2.788434271544531876e-113,1.137061840629115381e-116,4.513551144793034143e-120,1.745282400348556121e-123,6.578296571638168394e-127
5.884060801738627755e-12,9.862295883413853386e-09,5.273929149435929094e-06,1.051291029202738522e-03,6.880806146245475874e-02,8.466043425601660344e-01,8.133769503749140040e-02,2.164200216158341464e-03,2.888175656381944959e-05,2.426875124952487680e-07,1.446520156856896866e-09,6.576785361531585607e-12,2.394485067302671340e-14,7.226565707615586451e-17,1.855033514321469305e-19,4.131323703098387346e-22,8.109090567951443500e-25,1.420795655990627087e-27,2.245594498810072607e-30,3.229947706132959246e-33,4.259623163861909211e-36,5.183786320877745707e-39,5.853857647688703241e-42,6.164147479800280182e-45,6.078637419558653299e-48,5.635069434036414680e-51,4.927573230780690161e-54,4.076978397749907857e-57,3.200494399156297437e-60,2.389788924725762759e-63,1.701216061788893190e-66,1.156979912443980572e-69,7.531700749919531992e-73,4.701428554849754314e-76,2.818683915998081422e-79,1.625551555072720775e-82,9.030345469884217794e-86,4.838677747931518070e-89,2.503798604436808906e-92,1.252621496829559889e-95,6.065330201705965371e-99,2.845386232550098295e-102,1.294471351435657158e-105,5.716059364115088960e-109,2.452003263021881340e-112,1.022615593529491009e-115,4.149535592655022445e-119,1.639434219873991384e-122
1.454070475808417529e-14,3.513009195147555665e-11,2.941158465980974966e-08,1.046968946543188951e-05,1.561329336289563226e-03,8.133769503749140040e-02,8.207155700196122616e-01,9.347453134698753552e-02,2.856969536907162394e-03,4.300085665172674306e-05,4.020778761987096239e-07,2.638839594767789220e-09,1.309783274178964244e-11,5.168817884033687980e-14,1.680642742185276231e-16,4.623832214062299629e-19,1.098716664175468333e-21,2.291898694162448424e-24,4.252665576920154955e-27,7.095989466611599271e-30,1.074521135088346823e-32,1.488105456676911134e-35,1.897406716067491240e-38,2.240282602225852790e-41,2.461811442116051349e-44,2.529010934734399041e-47,2.438415891796970131e-50,2.214419615571702154e-53,1.900137327265101016e-56,1.544994622072153181e-59,1.193477364516445010e-62,8.779593078735527394e-66,6.163783528723119570e-69,4.138048975148568275e-72,2.661419048830805411e-75,1.642607264136388158e-78,9.743980902763442918e-82,5.563553341758695603e-85,3.061742529368332383e-88,1.626049853219605329e-91,8.343735675702614891e-95,4.141228734297955577e-98,1.990174252226187144e-101,9.269806118326442699e-105,4.188590020261984996e-108,1.837639274178141471e-111,7.834383121428924200e-115,3.248174839062758599e-118
3.079973439906830749e-17,1.013541936992545620e-13,1.223481632095940759e-10,6.822021262780282056e-08,1.818607367833593227e-05,2.164200216158341464e-03,9.347453134698753552e-02,7.954186403488023860e-01,1.052260128283935281e-01,3.636755049420156531e-03,6.097318451746842335e-05,6.280837079312657652e-07,4.501347060218982527e-09,2.422144434934245273e-11,1.029930425864903590e-13,3.589509022807152364e-16,1.053741615148518897e-18,2.661118506131120000e-21,5.878890553044409205e-24,1.151662082284169410e-26,2.023131576554488534e-29,3.217191329404419409e-32,4.668235863737595944e-35,6.223462892294678013e-38,7.668316688513600432e-41,8.778463379307557268e-44,9.379543500029734621e-47,9.392039173188906440e-50,8.845740868307917614e-53,7.861849586931454459e-56,6.613225420668098054e-59,5.279131337790778917e-62,4.008951340180556142e-65,2.902592706722792185e-68,2.007781164119438607e-71,1.329348994153694641e-74,8.439345380974291042e-78,5.145463807686683127e-81,3.017416248265941869e-84,1.704295313977461329e-87,9.283610477329628447e-91,4.882905122464190333e-94,2.482690762540534165e-97,1.221555919532613932e-100,5.822188822676981914e-104,2.690617863899946824e-107,1.206696379495323281e-110,5.256424547108000311e-114
5.708428153800651282e-20,2.454853730887953433e-16,4.037006529453254151e-13,3.246501040670704602e-10,1.356312106615079291e-07,2.888175656381944959e-05,2.856969536907162394e-03,1.052260128283935281e-01,7.707036382275079811e-01,1.165994776383091902e-01,4.500725720343829415e-03,8.321448803953271638e-05,9.365267773150435194e-07,7.278491816999872993e-09,4.220781576352476142e-11,1.923957559430196047e-13,7.155355794270906494e-16,2.232559358017662012e-18,5.971373320666220469e-21,1.392785957031057968e-23,2.872587533007868313e-26,5.299471754358968514e-29,8.829786503598078884e-32,1.339630530137919184e-34,1.863782360957090276e-37,2.392401483702993328e-40,2.848548271564271720e-43,3.160902813921030616e-46,3.282572380318715166e-49,3.202259392261310452e-52,2.944392931716533787e-55,2.559458898465310479e-58,2.109148083915085090e-61,1.651806559664176587e-64,1.232247206374174227e-67,8.774740804040753145e-71,5.975954242807598236e-74,3.899339525436469971e-77,2.441757615112485359e-80,1.469627434731052531e-83,8.513820020724691561e-87,4.753701167454239731e-90,2.561353474048758624e-93,1.333347196647263719e-96,6.713173509590786437e-100,3.272425803556171324e-103,1.545929044732319032e-106,7.084086112014874293e-110
9.404453966284024881e-23,5.120671265466403063e-19,1.100592283158072092e-15,1.205974026486650216e-12,7.268531242497656832e-10,2.426875124952487680e-07,4.300085665172674306e-05,3.636755049420156531e-03,1.165994776383091902e-01,7.465607783976699885e-01,1.276021608215568426e-01,5.446101071912137770e-03,1.101266946525568532e-04,1.344717813865718224e-06,1.126605040453715278e-08,7.004803031463579461e-11,3.407681165992936987e-13,1.347111664176438295e-15,4.451873175123555162e-18,1.257224028518348430e-20,3.087430238187022422e-23,6.687413382813815032e-26,1.292682392699239602e-28,2.252039977153086719e-31,3.565727262571464926e-34,5.168142712551747437e-37,6.899996519915850712e-40,8.532308158189073952e-43,9.819340187056199834e-46,1.056224290856400604e-48,1.065981139238770024e-51,1.012872322703519829e-54,9.089055216146379973e-58,7.724370668393938907e-61,6.233041697690936184e-64,4.786809896967817782e-67,3.506179478132846230e-70,2.454269266242489788e-73,1.644760571235734080e-76,1.057082919780861124e-79,6.525625298732822537e-83,3.875033113813135942e-86,2.216459248273551210e-89,1.222721040456111871e-92,6.513217340372391912e-96,3.353896859804043197e-99,1.671268096511464949e-102,8.067047104198440711e-106
1.394418512748781904e-25,9.376586271370709133e-22,2.551905048872495471e-18,3.655049011901939976e-15,3.002166127712975204e-12,1.446520156856896866e-09,4.020778761987096239e-07,6.097318451746842335e-05,4.500725720343829415e-03,1.276021608215568426e-01,7.229804042641526651e-01,1.382411954692952250e-01,6.470150528561473269e-03,1.420981506251624423e-04,1.871405974018752311e-06,1.681539004323437210e-08,1.116014192479858843e-10,5.771564236244101449e-13,2.416806136822919724e-15,8.433463765695535002e-18,2.507667168752011001e-20,6.467577377562054531e-23,1.467874355009183250e-25,2.966871143350174765e-28,5.394210006332352433e-31,8.897795886578111219e-34,1.341373153800540352e-36,1.859929894374331052e-39,2.385317702640790086e-42,2.843386666822944733e-45,3.164198626693235759e-48,3.300087571566660603e-51,3.237012826470828819e-54,2.995682493979062180e-57,2.623171070886309388e-60,2.179076636297348415e-63,1.721359080286263509e-66,1.295912606035018474e-69,9.316687503273496580e-73,6.408226208284329042e-76,4.224287303577423835e-79,2.673027239417191624e-82,1.626051547415522937e-85,9.522463010315556634e-89,5.375414774703658762e-92,2.928533736760009198e-95,1.541556182356293707e-98,7.848830846229642560e-102
1.879576514458340667e-28,1.529728082580168348e-24,5.141838573978166392e-21,9.326169742491850945e-18,1.001413776655669735e-14,6.576785361531585607e-12,2.638839594767789220e-09,6.280837079312657652e-07,8.321448803953271638e-05,5.446101071912137770e-03,1.382411954692952250e-01,6.999529865082460001e-01,1.485236138662633654e-01,7.570192770276889041e-03,1.795038573915205935e-04,2.536729168386705829e-06,2.433758433080088484e-08,1.717430880617126290e-10,9.409329494663644983e-13,4.160717278443986841e-15,1.528807193894416827e-17,4.774452718155465178e-20,1.290317868848061097e-22,3.062188950556771047e-25,6.459459667986494037e-28,1.223532848702767001e-30,2.099217152935643902e-33,3.286717799344855211e-36,4.726567113096305780e-39,6.278749913359954837e-42,7.743193063865809063e-45,8.904695200470155913e-48,9.587314863112314660e-51,9.698518485660005809e-54,9.247942056229644799e-57,8.336553711938447800e-60,7.123390243374239746e-63,5.783667239909918611e-66,4.472048084239452958e-69,3.299811762802262205e-72,2.327960856014999258e-75,1.573001056154203578e-78,1.019664686241991637e-81,6.350671882918490093e-85,3.805663359272777135e-88,2.197170318707081173e-91,1.223650864218796844e-94,6.581370635284035741e-98
2.322406930167349330e-31,2.249921484200056533e-27,9.153638822633274295e-24,2.050639175341080566e-20,2.788635216572594055e-17,2.394485067302671340e-14,1.309783274178964244e-11,4.501347060218982527e-09,9.365267773150435194e-07,1.101266946525568532e-04,6.470150528561473269e-03,1.485236138662633654e-01,6.774691217138205657e-01,1.584563486272434485e-01,8.743595092611579703e-03,2.227057049653776485e-04,3.362165238980384389e-06,3.430738371994210263e-08,2.565212493815903076e-10,1.484280629728598338e-12,6.911657255471751917e-15,2.667472895333300875e-17,8.729552725462769615e-20,2.466995070011791533e-22,6.110402950741414251e-25,1.342869586856088625e-27,2.645745961496645738e-30,4.714483337027808410e-33,7.655629245421951782e-36,1.140371769178754145e-38,1.567237477531149973e-41,1.997358897207780507e-44,2.371232196956360231e-47,2.632957809557164454e-50,2.744370717519598147e-53,2.693983748850587142e-56,2.497999659819612200e-59,2.193873699926334262e-62,1.829483191369419935e-65,1.451876432466726544e-68,1.098812571906406532e-71,7.946004576569380151e-75,5.500237555596829571e-78,3.650412742150236928e-81,2.326487350220082342e-84,1.425879138767962865e-87,8.415350694730043915e-91,4.788685026103582549e-94
2.648832653100374475e-34,3.012245971800345845e-30,1.458836846680151312e-26,3.955888303017386756e-23,6.644820553026477956e-20,7.226565707615586451e-17,5.168817884033687980e-14,2.422144434934245273e-11,7.278491816999872993e-09,1.344717813865718224e-06,1.420981506251624423e-04,7.570192770276889041e-03,1.584563486272434485e-01,6.555195310060322189e-01,1.680462338228264907e-01,9.987772773321884623e-03,2.720527024650361216e-04,4.370483976223016384e-06,4.726704323868844448e-08,3.733240087670603986e-10,2.275030983917627801e-12,1.112815421623231829e-14,4.500786554888094921e-17,1.540292867725193645e-19,4.543191554872761377e-22,1.172395913430469084e-24,2.680048497829279770e-27,5.484144721331068612e-30,1.013544825307176211e-32,1.704814742630462506e-35,2.627291165574279095e-38,3.731425181474448743e-41,4.909285446584658748e-44,6.010781533995440070e-47,6.876915108097959641e-50,7.379163983450933184e-53,7.451044892323722828e-56,7.101258177560763850e-59,6.405547594459432503e-62,5.482421779137150784e-65,4.462581044592926197e-68,3.461942295001156736e-71,2.564633251494999154e-74,1.817569108040673503e-77,1.234379423553551084e-80,8.045989139288751499e-84,5.041018233618517289e-87,3.039895331260686301e-90
2.805343466509530010e-37,3.700514912177082848e-33,2.103764646622863945e-29,6.791088768184057557e-26,1.380829585015640698e-22,1.855033514321469305e-19,1.680642742185276231e-16,1.029930425864903590e-13,4.220781576352476142e-11,1.126605040453715278e-08,1.871405974018752311e-06,1.795038573915205935e-04,8.743595092611579703e-03,1.680462338228264907e-01,6.340950587024768437e-01,1.773000060945715273e-01,1.130018844556063967e-02,3.278812057775548541e-04,5.585699965682287078e-06,6.383000988581199762e-08,5.310552558043270407e-10,3.399874542598297338e-12,1.742940421492662214e-14,7.372200131821088201e-17,2.633378019638388938e-19,8.092781149439919914e-22,2.172337583247041926e-24,5.157712563818644746e-27,1.094659883019806235e-29,2.095593561146134779e-32,3.646800691384125338e-35,5.807987568409871571e-38,8.515658606427442175e-41,1.155472771875686296e-43,1.457699745108749859e-46,1.716911277028458025e-49,1.895052754369598978e-52,1.966771539385038078e-55,1.925198024276813073e-58,1.782367356287507346e-61,1.564685853172490399e-64,1.305514653175575177e-67,1.037520704761605698e-70,7.869301802497190280e-74,5.706895886574779610e-77,3.963971504604238141e-80,2.641306608135631290e-83,1.690865876232726581e-86
2.773028523395429750e-40,4.199700225822837037e-36,2.769510132852468789e-32,1.049483841529457378e-28,2.540367073084950411e-25,4.131323703098387346e-22,4.623832214062299629e-19,3.589509022807152364e-16,1.923957559430196047e-13,7.004803031463579461e-11,1.681539004323437210e-08,2.536729168386705829e-06,2.227057049653776485e-04,9.987772773321884623e-03,1.773000060945715273e-01,6.131866709766983226e-01,1.862243057596406071e-01,1.267835147757204704e-02,3.905151423902012168e-04,7.033026254539914037e-06,8.468447210521383761e-08,7.403193187352124648e-10,4.967962331042423408e-12,2.663689764112111712e-14,1.176050098054986901e-16,4.377120665201055408e-19,1.399279774940406927e-21,3.901282929850135088e-24,9.607327523035575723e-27,2.112156955823624430e-29,4.183416831853204392e-32,7.523571341113655113e-35,1.236995673702020032e-37,1.870520438838432324e-40,2.615187781212169121e-43,3.396495913082707477e-46,4.115032399394425062e-49,4.668436242441793244e-52,4.976331302401761387e-55,4.999577299401667328e-58,4.747558524374840439e-61,4.272110727863398914e-64,3.651569634761248289e-67,2.971184728002648215e-70,2.306046844360584143e-73,1.710431059321991012e-76,1.214491453347632298e-79,8.268657277619795522e-83
2.569767954674563700e-43,4.428626190227660907e-39,3.353120935364181851e-35,1.473944590960502847e-31,4.188362534266529487e-28,8.109090567951443500e-25,1.098716664175468333e-21,1.053741615148518897e-18,7.155355794270906494e-16,3.407681165992936987e-13,1.116014192479858843e-10,2.433758433080088484e-08,3.362165238980384389e-06,2.720527024650361216e-04,1.130018844556063967e-02,1.862243057596406071e-01,5.927854545339503733e-01,1.948256779049976628e-01,1.411981735883166729e-02,4.602662334169573401e-04,8.738828827912657402e-06,1.105967737148632014e-07,1.013614046695163258e-09,7.114916246370835127e-12,3.982347787156508227e-14,1.832122028693431681e-16,7.093626452530877730e-19,2.355444673284799489e-21,6.811661240421224659e-24,1.737637718165103821e-26,3.952461543653393499e-29,8.090342263958484869e-32,1.502088712021525450e-34,2.547099380041341344e-37,3.968650924792585779e-40,5.712239680837488736e-43,7.631322863534537794e-46,9.503184198871410245e-49,1.107323950490136663e-51,1.211481901563300553e-54,1.248411660850624379e-57,1.215174272029527483e-60,1.120197362550740692e-63,9.803199850754619942e-67,8.162402857762342440e-70,6.479345753332285555e-73,4.912785322464581826e-76,3.564262644594485993e-79
2.241323489983272038e-46,4.360988346339110863e-42,3.757358294097404888e-38,1.896346826833087556e-34,6.250999928063972714e-31,1.420795655990627087e-27,2.291898694162448424e-24,2.661118506131120000e-21,2.232559358017662012e-18,1.347111664176438295e-15,5.771564236244101449e-13,1.717430880617126290e-10,3.430738371994210263e-08,4.370483976223016384e-06,3.278812057775548541e-04,1.267835147757204704e-02,1.948256779049976628e-01,5.728826152991164378e-01,2.031105734712535527e-01,1.562218709257561823e-02,5.374342128476574049e-04,1.073058188523204261e-05,1.424146946378246735e-07,1.365531989390953855e-09,1.000726546422764005e-11,5.837062159842303231e-14,2.793747782486845836e-16,1.123594114412292107e-18,3.869960069406009549e-21,1.159336693875545395e-23,3.059920381627744933e-26,7.193173992740167867e-29,1.520064274601836888e-31,2.910731242564311639e-34,5.085803857264551950e-37,8.157996331973952674e-40,1.207856831605324778e-42,1.658589166485567713e-45,2.121377469856110061e-48,2.537055755222717349e-51,2.847023207580157358e-54,3.007303505540364119e-57,2.998770910213850418e-60,2.830328263009692332e-63,2.534611491452811799e-66,2.158426618628469738e-69,1.751501680131872288e-72,1.356941362374641976e-75
1.846254609604292174e-49,4.027738502856528235e-45,3.918045674309457389e-41,2.250238120252658564e-37,8.516695407227339381e-34,2.245594498810072607e-30,4.252665576920154955e-27,5.878890553044409205e-24,5.971373320666220469e-21,4.451873175123555162e-18,2.416806136822919724e-15,9.409329494663644983e-13,2.565212493815903076e-10,4.726704323868844448e-08,5.585699965682287078e-06,3.905151423902012168e-04,1.411981735883166729e-02,2.031105734712535527e-01,5.534694771166882576e-01,2.110853503262432873e-01,1.718310659466343662e-02,6.223070440471015815e-04,1.303682390698271530e-05,1.810706007551237038e-07,1.812969349738880790e-09,1.384732532205011142e-11,8.403476074592454171e-14,4.178175248193743263e-16,1.743095360634299165e-18,6.219512432441475151e-21,1.927816593493976260e-23,5.258692880189596966e-26,1.276256964841854812e-28,2.781617071041124475e-31,5.488453498824753435e-34,9.872765825371840019e-37,1.629052035003084246e-39,2.479134647759349773e-42,3.496520588521383074e-45,4.590121342049694664e-48,5.630631623211412594e-51,6.476872568496451534e-54,7.008717297108037804e-57,7.155559273721392910e-60,6.910980989166721355e-63,6.329817487717934164e-66,5.510338487998385271e-69,4.568844704815884512e-72
1.440779586773001766e-52,3.502410932093138194e-48,3.820050108120243726e-44,2.477101844888335360e-40,1.066882668246640927e-36,3.229947706132959246e-33,7.095989466611599271e-30,1.151662082284169410e-26,1.392785957031057968e-23,1.257224028518348430e-20,8.433463765695535002e-18,4.160717278443986841e-15,1.484280629728598338e-12,3.733240087670603986e-10,6.383000988581199762e-08,7.033026254539914037e-06,4.602662334169573401e-04,1.562218709257561823e-02,2.110853503262432873e-01,5.345374804627103238e-01,2.187562743284180988e-01,1.880026609871941756e-02,7.151611335312767128e-04,1.568711450219136973e-05,2.275844651726736229e-07,2.375342390608101709e-09,1.887853444886997685e-11,1.190234950878553909e-13,6.139020786478466511e-16,2.653331886802848282e-18,9.795988231575253082e-21,3.138203542553958413e-23,8.837971817788179924e-26,2.212271870626661888e-28,4.968400205566857229e-31,1.009266515976854164e-33,1.867546372875657984e-36,3.167411641667189158e-39,4.950915611644859245e-42,7.166931442854171701e-45,9.650385273469680182e-48,1.213464213937792446e-50,1.429960437672432342e-53,1.584301678680075731e-56,1.655186717110971655e-59,1.635013415747669184e-62,1.530858993096674020e-65,1.361689816002330377e-68
1.068137361185174891e-55,2.877288207851383799e-51,3.496946431075715141e-47,2.542505828853166087e-43,1.236391049385207846e-39,4.259623163861909211e-36,1.074521135088346823e-32,2.023131576554488534e-29,2.872587533007868313e-26,3.087430238187022422e-23,2.507667168752011001e-20,1.528807193894416827e-17,6.911657255471751917e-15,2.275030983917627801e-12,5.310552558043270407e-10,8.468447210521383761e-08,8.738828827912657402e-06,5.374342128476574049e-04,1.718310659466343662e-02,2.187562743284180988e-01,5.160781811685937193e-01,2.261295203801347575e-01,2.047139956749786938e-02,8.162615420475818244e-04,1.871199202714930791e-05,2.830667631672048498e-07,3.074810982371982464e-09,2.539126524616571170e-11,1.660825726428578236e-13,8.875134675981111889e-16,3.969252571046809370e-18,1.514621476639771766e-20,5.009660682767908662e-23,1.455173973060303951e-25,3.753422027890179269e-28,8.678576332193549124e-31,1.813509212036553134e-33,3.449266500426714210e-36,6.008686033327292888e-39,9.639966519977043256e-42,1.431361660355009212e-44,1.975661747404585224e-47,2.544988680683188988e-50,3.070615578599455083e-53,3.481328748540593469e-56,3.719921998261643302e-59,3.756400213427299363e-62,3.593708235676443212e-65
7.541667242305810834e-59,2.239922076466237712e-54,3.016674592944408274e-50,2.444043169988907230e-46,1.332617113591757900e-42,5.183786320877745707e-39,1.488105456676911134e-35,3.217191329404419409e-32,5.299471754358968514e-29,6.687413382813815032e-26,6.467577377562054531e-23,4.774452718155465178e-20,2.667472895333300875e-17,1.112815421623231829e-14,3.399874542598297338e-12,7.403193187352124648e-10,1.105967737148632014e-07,1.073058188523204261e-05,6.223070440471015815e-04,1.880026609871941756e-02,2.261295203801347575e-01,4.980832491567029896e-01,2.332111734709258755e-01,2.219428411041777030e-02,9.258621929857375858e-04,2.214293196594239617e-05,3.487212430491204177e-07,3.936508983463307712e-09,3.372912217044483674e-11,2.285945416745478893e-13,1.264109170924548429e-15,5.843551829919064122e-18,2.302283754479096520e-20,7.854347190831457798e-23,2.351001126163663034e-25,6.243326890295411296e-28,1.484996798716412699e-30,3.189653846008301963e-33,6.231242440923683401e-36,1.114156503704955055e-38,1.833460634040715741e-41,2.790615852447812749e-44,3.945996063157426687e-47,5.204446973580530814e-50,6.425719808153085464e-53,7.451139889454402643e-56,8.139105590288490938e-59,8.397946631371615172e-62
5.082814269495999468e-62,1.656931108668447429e-57,2.460436068914813570e-53,2.208948901246867538e-49,1.342126306695479753e-45,5.853857647688703241e-42,1.897406716067491240e-38,4.668235863737595944e-35,8.829786503598078884e-32,1.292682392699239602e-28,1.467874355009183250e-25,1.290317868848061097e-22,8.729552725462769615e-20,4.500786554888094921e-17,1.742940421492662214e-14,4.967962331042423408e-12,1.013614046695163258e-09,1.424146946378246735e-07,1.303682390698271530e-05,7.151611335312767128e-04,2.047139956749786938e-02,2.332111734709258755e-01,4.805444671876256679e-01,2.400072297108310215e-01,2.396673940721319798e-02,1.044206078145848947e-03,2.601230606345157151e-05,4.258475751534227696e-07,4.988781151557702448e-09,4.429574162583710492e-11,3.106900036801148443e-13,1.775951451016089657e-15,8.476758910784277645e-18,3.444879696321760396e-20,1.211081550642058301e-22,3.732299027797475147e-25,1.019613947027311228e-27,2.492862590093239066e-30,5.499786011088813279e-33,1.102808589998394312e-35,2.022576045489079294e-38,3.411835709295883439e-41,5.320013832482596044e-44,7.702229695348845445e-47,1.039547026908060563e-49,1.312727422421163798e-52,1.556117252065863962e-55,1.736825399610640735e-58
3.276694555144503220e-65,1.167540488331225921e-60,1.902903126778409173e-56,1.883671366734436060e-52,1.268262844741096066e-48,6.164147479800280182e-45,2.240282602225852790e-41,6.223462892294678013e-38,1.339630530137919184e-34,2.252039977153086719e-31,2.966871143350174765e-28,3.062188950556771047e-25,2.466995070011791533e-22,1.540292867725193645e-19,7.372200131821088201e-17,2.663689764112111712e-14,7.114916246370835127e-12,1.365531989390953855e-09,1.810706007551237038e-07,1.568711450219136973e-05,8.162615420475818244e-04,2.219428411041777030e-02,2.400072297108310215e-01,4.634537296190285316e-01,2.465235973538716929e-01,2.578662713764582129e-02,1.171525460889848505e-03,3.035334220157679012e-05,5.158438811433278629e-07,6.263426288374137594e-09,5.756210664388922167e-11,4.173724211352243703e-13,2.463545285311868297e-15,1.212945914102524801e-17,5.079827790747730178e-20,1.838741052416463804e-22,5.829472554582787660e-25,1.637002999208327008e-27,4.111003403443680977e-30,9.309446235993553713e-33,1.914766539627316582e-35,3.599831745875271258e-38,6.221067113960492822e-41,9.932062784886879387e-44,1.471483283761049954e-46,2.031273301665770390e-49,2.622210066436550225e-52,3.176119084975030140e-55
2.024343804142025636e-68,7.854353083624798862e-64,1.399242715633342688e-59,1.520271090688041128e-55,1.128607252733996621e-51,6.078637419558653299e-48,2.461811442116051349e-44,7.668316688513600432e-41,1.863782360957090276e-37,3.565727262571464926e-34,5.394210006332352433e-31,6.459459667986494037e-28,6.110402950741414251e-25,4.543191554872761377e-22,2.633378019638388938e-19,1.176050098054986901e-16,3.982347787156508227e-14,1.000726546422764005e-11,1.812969349738880790e-09,2.275844651726736229e-07,1.871199202714930791e-05,9.258621929857375858e-04,2.396673940721319798e-02,2.465235973538716929e-01,4.468030411760077203e-01,2.527660978117497459e-01,2.765185041722646037e-02,1.308042076702365308e-03,3.520008500952472383e-05,6.202091457849143452e-07,7.795946326382508953e-09,7.407438890783995923e-11,5.546574569953443863e-13,3.377305835482909495e-15,1.713698744945878471e-17,7.389746458538911158e-20,2.751811782519808991e-22,8.968046354278436354e-25,2.586792518380752454e-27,6.667989279807996411e-30,1.548865998144974586e-32,3.265667374769413091e-35,6.289868228950516867e-38,1.112954473709448036e-40,1.818305893887715297e-43,2.755310923870853287e-46,3.888252654186516029e-49,5.128814718565500061e-52
1.200615149708387945e-71,5.054858214784294982e-67,9.805813742264506858e-63,1.164532603722732179e-58,9.488889901733831013e-55,5.635069434036414680e-51,2.529010934734399041e-47,8.778463379307557268e-44,2.392401483702993328e-40,5.168142712551747437e-37,8.897795886578111219e-34,1.223532848702767001e-30,1.342869586856088625e-27,1.172395913430469084e-24,8.092781149439919914e-22,4.377120665201055408e-19,1.832122028693431681e-16,5.837062159842303231e-14,1.384732532205011142e-11,2.375342390608101709e-09,2.830667631672048498e-07,2.214293196594239617e-05,1.044206078145848947e-03,2.578662713764582129e-02,2.527660978117497459e-01,4.305845157328432316e-01,2.587404666578476675e-01,2.956035323889317709e-02,1.453967331186814538e-03,4.058735719908954391e-05,7.405455133251006415e-07,9.625801070946585377e-09,9.446233006978704748e-11,7.297278450544628454e-13,4.579481036400819582e-15,2.392697240216280602e-17,1.061489427133336369e-19,4.063378273938354172e-22,1.360252293729744999e-24,4.027410586325788248e-27,1.064899253810269290e-29,2.535706040468220339e-32,5.477276949955446072e-35,1.080167891319796322e-37,1.955894131234119245e-40,3.268326891007993335e-43,5.062935900101351441e-46,7.300487103540856029e-49
6.846837586997319723e-75,3.118040048891828972e-70,6.563523068605957567e-66,8.487874036364767773e-62,7.559704802441276403e-58,4.927573230780690161e-54,2.438415891796970131e-50,9.379543500029734621e-47,2.848548271564271720e-43,6.899996519915850712e-40,1.341373153800540352e-36,2.099217152935643902e-33,2.645745961496645738e-30,2.680048497829279770e-27,2.172337583247041926e-24,1.399279774940406927e-21,7.093626452530877730e-19,2.793747782486845836e-16,8.403476074592454171e-14,1.887853444886997685e-11,3.074810982371982464e-09,3.487212430491204177e-07,2.601230606345157151e-05,1.171525460889848505e-03,2.765185041722646037e-02,2.587404666578476675e-01,4.147903751060645905e-01,2.644523546216151488e-01,3.151011992059321587e-02,1.609502495522309668e-03,4.655072161594133806e-05,8.785604705794734615e-07,1.179666831660676071e-08,1.194481737112096940e-10,9.511048112517067133e-13,6.146356567358020198e-15,3.304014941185868215e-17,1.506841554618141838e-19,5.925216646357186567e-22,2.036051200731249502e-24,6.183754080764057389e-27,1.676149046802831487e-29,4.088989750340555355e-32,9.043639644692634204e-35,1.825121725313343433e-37,3.380179493929746763e-40,5.774255369044247540e-43,9.139888836122796202e-46
3.759982442724817540e-78,1.846616315470847303e-73,4.204554334056282843e-69,5.900165569140357053e-65,5.722237488172275828e-61,4.076978397749907857e-57,2.214419615571702154e-53,9.392039173188906440e-50,3.160902813921030616e-46,8.532308158189073952e-43,1.859929894374331052e-39,3.286717799344855211e-36,4.714483337027808410e-33,5.484144721331068612e-30,5.157712563818644746e-27,3.901282929850135088e-24,2.355444673284799489e-21,1.123594114412292107e-18,4.178175248193743263e-16,1.190234950878553909e-13,2.539126524616571170e-11,3.936508983463307712e-09,4.258475751534227696e-07,3.035334220157679012e-05,1.308042076702365308e-03,2.956035323889317709e-02,2.644523546216151488e-01,3.994129478587372106e-01,2.699073285734124306e-01,3.349917455871746080e-02,1.774838899406787265e-03,5.312644399802492971e-05,1.036068918810908082e-06,1.435670906132137108e-08,1.498561587101486231e-10,1.228837085914579692e-12,8.170772180662709074e-15,4.515490473549460784e-17,2.115489417420323334e-19,8.539092676689624731e-22,3.009974565270063535e-24,9.371560395904073106e-27,2.602505880037482421e-29,6.500725841727096778e-32,1.471348567013558682e-34,3.037118942873292633e-37,5.750280905349939603e-40,1.003728086305039894e-42
1.991073722143690181e-81,1.051680377899309366e-76,2.582424140033901076e-72,3.919775975476446251e-68,4.125217966922332216e-64,3.200494399156297437e-60,1.900137327265101016e-56,8.845740868307917614e-53,3.282572380318715166e-49,9.819340187056199834e-46,2.385317702640790086e-42,4.726567113096305780e-39,7.655629245421951782e-36,1.013544825307176211e-32,1.094659883019806235e-29,9.607327523035575723e-27,6.811661240421224659e-24,3.869960069406009549e-21,1.743095360634299165e-18,6.139020786478466511e-16,1.660825726428578236e-13,3.372912217044483674e-11,4.988781151557702448e-09,5.158438811433278629e-07,3.520008500952472383e-05,1.453967331186814538e-03,3.151011992059321587e-02,2.699073285734124306e-01,3.844446681158787960e-01,2.751108724998998500e-01,3.552558048733536755e-02,1.950158121511517224e-03,6.035145643225588115e-05,1.214995136454644033e-06,1.735883754753884697e-08,1.866225842018482412e-10,1.574708565754072832e-12,1.076498010633567565e-14,6.111605741453444223e-17,2.939278689684069783e-19,1.217083165738483303e-21,4.398114070614793732e-24,1.402951700531569428e-26,3.989290458206270886e-29,1.019759115870950319e-31,2.360768660062214840e-34,4.981759876609778811e-37,9.637937265191424312e-40
1.018002624757207787e-84,5.768210888407384193e-80,1.523321906044712397e-75,2.493602216436836506e-71,2.838597029195849711e-67,2.389788924725762759e-63,1.544994622072153181e-59,7.861849586931454459e-56,3.202259392261310452e-52,1.056224290856400604e-48,2.843386666822944733e-45,6.278749913359954837e-42,1.140371769178754145e-38,1.704814742630462506e-35,2.095593561146134779e-32,2.112156955823624430e-29,1.737637718165103821e-26,1.159336693875545395e-23,6.219512432441475151e-21,2.653331886802848282e-18,8.875134675981111889e-16,2.285945416745478893e-13,4.429574162583710492e-11,6.263426288374137594e-09,6.202091457849143452e-07,4.058735719908954391e-05,1.609502495522309668e-03,3.349917455871746080e-02,2.751108724998998500e-01,3.698780743909191315e-01,2.800683884700384541e-01,3.758743974317984432e-02,2.135632177471959593e-03,6.826332150078608346e-05,1.417374634720365808e-06,2.086099586396535661e-08,2.308064557537018529e-10,2.002465702201234633e-12,1.406387802444779306e-14,8.196843447988529638e-17,4.044138209016418231e-19,1.716771919498791831e-21,6.356170730445629804e-24,2.076121071820645252e-26,6.041486469389498043e-29,1.579622006943951270e-31,3.738493344223798938e-34,8.061276424091094086e-37
5.031380914750389126e-88,3.050989791736386693e-83,8.643470874965790513e-79,1.521708944297996989e-74,1.868148040260519755e-70,1.701216061788893190e-66,1.193477364516445010e-62,6.613225420668098054e-59,2.944392931716533787e-55,1.065981139238770024e-51,3.164198626693235759e-48,7.743193063865809063e-45,1.567237477531149973e-41,2.627291165574279095e-38,3.646800691384125338e-35,4.183416831853204392e-32,3.952461543653393499e-29,3.059920381627744933e-26,1.927816593493976260e-23,9.795988231575253082e-21,3.969252571046809370e-18,1.264109170924548429e-15,3.106900036801148443e-13,5.756210664388922167e-11,7.795946326382508953e-09,7.405455133251006415e-07,4.655072161594133806e-05,1.774838899406787265e-03,3.552558048733536755e-02,2.800683884700384541e-01,3.557058084231116135e-01,2.847851975917915501e-01,3.968289253633045660e-02,2.331423705439723132e-03,7.690019710819613759e-05,1.645355908077017202e-06,2.492643284682586728e-08,2.836007218197865269e-10,2.528065709416219482e-12,1.822865089695007908e-14,1.089958455790822726e-16,5.513301181587328689e-19,2.397988201867514457e-21,9.091184295628866656e-24,3.038949922192872922e-26,9.045414905477742660e-29,2.417857931822453371e-31,5.847315543617328136e-34
2.406495529421458723e-91,1.558236413160620874e-86,4.724360697732832260e-82,8.922455453240878345e-78,1.178075687271254042e-73,1.156979912443980572e-69,8.779593078735527394e-66,5.279131337790778917e-62,2.559458898465310479e-58,1.012872322703519829e-54,3.300087571566660603e-51,8.904695200470155913e-48,1.997358897207780507e-44,3.731425181474448743e-41,5.807987568409871571e-38,7.523571341113655113e-35,8.090342263958484869e-32,7.193173992740167867e-29,5.258692880189596966e-26,3.138203542553958413e-23,1.514621476639771766e-20,5.843551829919064122e-18,1.775951451016089657e-15,4.173724211352243703e-13,7.407438890783995923e-11,9.625801070946585377e-09,8.785604705794734615e-07,5.312644399802492971e-05,1.950158121511517224e-03,3.758743974317984432e-02,2.847851975917915501e-01,3.419206140258082005e-01,2.892665409595921444e-01,4.181011672654587341e-02,2.537686149220196030e-03,8.630080198105358495e-05,1.901202081601466167e-06,2.962398702428939795e-08,3.463441089950152319e-10,3.169946701028264616e-12,2.345085777698835370e-14,1.437661167254765441e-16,7.451133381169278863e-19,3.318639877105194346e-21,1.287624067807170088e-23,4.402645883211662235e-26,1.339732250980952043e-28,3.659383560255316841e-31
1.115050754509136568e-94,7.693651022629418637e-90,2.490793835282120291e-85,5.034337879885921446e-81,7.130666812219493315e-77,7.531700749919531992e-73,6.163783528723119570e-69,4.008951340180556142e-65,2.109148083915085090e-61,9.089055216146379973e-58,3.237012826470828819e-54,9.587314863112314660e-51,2.371232196956360231e-47,4.909285446584658748e-44,8.515658606427442175e-41,1.236995673702020032e-37,1.502088712021525450e-34,1.520064274601836888e-31,1.276256964841854812e-28,8.837971817788179924e-26,5.009660682767908662e-23,2.302283754479096520e-20,8.476758910784277645e-18,2.463545285311868297e-15,5.546574569953443863e-13,9.446233006978704748e-11,1.179666831660676071e-08,1.036068918810908082e-06,6.035145643225588115e-05,2.135632177471959593e-03,3.968289253633045660e-02,2.892665409595921444e-01,3.285153359455140754e-01,2.935175805926629189e-01,4.396732730519439802e-02,2.754563939020178692e-03,9.650438183136131158e-05,2.187292457147755434e-06,3.502837335254423563e-08,4.205335640538256860e-10,3.949320879397422674e-12,2.995700156401721063e-14,1.881828991534968840e-16,9.987659659329392231e-19,4.552700357849073307e-21,1.806879526111440184e-23,6.316273791461146659e-26,1.964080253948999609e-28
