9.972901831464151545e-01,2.706141978981483568e-03,3.671551437166145138e-06,3.320912221274853062e-09,2.252819721475473408e-12,1.222603034179694540e-15,5.529212142958374469e-19,2.143355685753886019e-22,7.269981314274710134e-26,2.191895370680071280e-29,5.947697246370754236e-33,1.467186096217828279e-36,3.317668512343549169e-40,6.924982382893423428e-44,1.342207531594058801e-47,2.428048998598931212e-51,4.117811842262880241e-55,6.572742391574404899e-59,9.908391093438376632e-63,1.415072116909324473e-66,1.919895594867353495e-70,2.480774857199976780e-74,3.059804683696308211e-78,3.609897771400981372e-82,4.081433227805781087e-86,4.429979550115987077e-90,4.623356768012547860e-94,4.646465081879919953e-98,4.502914291590057915e-102,4.213322640365116447e-106,3.810943381297744730e-110,3.335798714431844598e-114,2.828647909827807836e-118,2.325915791430807779e-122,1.856282645635468412e-126,1.439146793438197935e-130,1.084754918170295984e-134,7.955343526578595595e-139,5.680732976089041033e-143,3.952472008075923471e-147,2.681253310861376019e-151,1.774528682072547021e-155,1.146470190783977885e-159,7.234746957682540275e-164,4.461693200861516962e-168,2.690396095836117409e-172,1.587038369196221347e-176,9.162597371708576861e-181
2.706141978981483568e-03,9.918852422913266853e-01,5.397607714950965196e-03,1.099473784944967574e-05,1.326563244034277779e-08,1.125187589456285497e-11,7.328984650855597133e-15,3.867448383709311744e-18,1.713521548863408296e-21,6.539038365949744968e-25,2.190705992621266875e-28,6.539239559716372556e-32,1.759827165043202118e-35,4.311168758536114242e-39,9.691217519169676578e-43,2.012582948576497802e-46,3.883560809705385297e-50,6.998045577784797741e-54,1.182736955290399621e-57,1.882056618746778838e-61,2.829376327676974050e-65,4.030738891097122203e-69,5.456358454806771668e-73,7.035890317481061125e-77,8.661795674162498384e-81,1.020136819994667404e-84,1.151554281023675627e-88,1.248055430857126199e-92,1.300758071944684269e-96,1.305600783280806417e-100,1.263768145847632834e-104,1.181185637733679881e-108,1.067274562827483400e-112,9.333003061123030272e-117,7.906851469035849999e-121,6.495981896019910186e-125,5.180147462271203632e-129,4.013004523395911187e-133,3.022598819808323697e-137,2.215177578583108346e-141,1.580774310241067649e-145,1.099168350916409138e-149,7.452057460853848882e-154,4.929199651764191720e-158,3.182896044485424087e-162,2.007519812039433149e-166,1.237436200861068389e-170,7.458219075931963209e-175
3.671551437166145138e-06,5.397607714950965196e-03,9.865022909074311341e-01,8.074446967536319172e-03,2.194970580485818538e-05,3.311909497293113068e-08,3.371899602004302217e-11,2.562824833461074228e-14,1.545780179021256502e-17,7.705616823586098971e-21,3.267547904265837210e-24,1.204234476841762143e-27,3.921608204515410639e-31,1.143370384519330316e-34,3.016558422970405298e-38,7.265595832720092413e-42,1.609483884017239264e-45,3.299907107074821382e-49,6.296230545482285583e-53,1.123261365557514578e-56,1.881519079471283418e-60,2.970039056178508714e-64,4.432667025691073552e-68,6.273264430918994972e-72,8.441076295285245824e-76,1.082479641381569408e-79,1.325889994248441874e-83,1.554273803157319823e-87,1.746926417429249154e-91,1.885733655035928555e-95,1.958034700448235116e-99,1.958486287432224651e-103,1.889566180644723221e-107,1.760704385997408712e-111,1.586349605651123637e-115,1.383478153013879218e-119,1.169095443541039055e-123,9.581828180962906808e-128,7.623590276056460813e-132,5.893225962742096597e-136,4.429738677704769101e-140,3.240147684294271672e-144,2.307948013160610430e-148,1.601985334696958181e-152,1.084287063372899226e-156,7.160632819822491991e-161,4.616738738919185971e-165,2.907632004495556131e-169
3.320912221274853062e-09,1.099473784944967574e-05,8.074446967536319172e-03,9.811412627115803087e-01,1.073670937037860852e-02,3.651666475489255797e-05,6.614832753639847611e-08,7.859226852815754900e-11,6.828018632630392471e-14,4.633745628135140962e-17,2.566796675927691507e-20,1.197378510049537433e-23,4.814323985625691838e-27,1.698525221573311773e-30,5.333315571170813587e-34,1.507649611010452741e-37,3.873482443564662546e-41,9.117109142099084805e-45,1.979272736671436418e-48,3.986339773437717187e-52,7.486151486837884795e-56,1.316687182920291095e-59,2.177437666658749964e-63,3.397499863069043756e-67,5.017373609841069473e-71,7.032570558184629233e-75,9.379368940433078432e-79,1.193041965411181821e-82,1.450352767176519069e-86,1.688356124283675096e-90,1.885368175378619273e-94,2.022923903190899873e-98,2.088674145988173739e-102,2.078158937719164939e-106,1.995126565635724771e-110,1.850436855385154555e-114,1.659908800432507282e-118,1.441660814006187116e-122,1.213515277729718660e-126,9.909213755384765594e-131,7.856512460701073378e-135,6.053133786703259959e-139,4.535591328120579334e-143,3.307620958742075812e-147,2.349274901230858063e-151,1.626225330650796127e-155,1.097828279250147386e-159,7.232018429958575899e-164
2.252819721475473408e-12,1.326563244034277779e-08,2.194970580485818538e-05,1.073670937037860852e-02,9.758020915779811455e-01,1.338444443138844808e-02,5.467588688825715087e-05,1.156025059908274547e-07,1.570139292564246674e-10,1.534914652560440225e-13,1.157538332969691210e-16,7.053902698740565576e-20,3.589969606963715264e-23,1.563806210808330757e-26,5.941905494686862036e-30,1.999088898912550209e-33,6.028081055859503889e-37,1.645591927467376983e-40,4.101214844021049288e-44,9.398356793253690765e-48,1.992533631557414874e-51,3.929044629656801733e-55,7.239711132310016175e-59,1.251686937976221916e-62,2.037973136932877898e-66,3.135084983543307379e-70,4.570092314927775094e-74,6.329642484792819512e-78,8.349480938014925180e-82,1.051286283905650563e-85,1.266012584039886594e-89,1.460877143134490003e-93,1.618036281804645168e-97,1.722844463426108847e-101,1.766125868515962998e-105,1.745439689869816334e-109,1.665119298142247753e-113,1.535170569518219001e-117,1.369365417736580554e-121,1.182999037751192241e-125,9.907760362291916399e-130,8.051775224179823980e-134,6.354906071113268255e-138,4.875099179259750343e-142,3.637901471475245849e-146,2.642592769136599101e-150,1.869923105631372694e-154,1.289789129273651301e-158
1.222603034179694540e-15,1.125187589456285497e-11,3.311909497293113068e-08,3.651666475489255797e-05,1.338444443138844808e-02,9.704847115378876232e-01,1.601770153300188793e-02,7.640770698484303941e-05,1.847130089590020442e-07,2.823182841687539234e-10,3.067052559636613141e-13,2.544610005580098476e-16,1.691788225498530166e-19,9.328292803598269205e-23,4.376281185125595816e-26,1.781692230127933509e-29,6.394191526126743137e-33,2.048691991539995090e-36,5.921834599873283741e-40,1.557897815832677377e-43,3.758067654808232271e-47,8.365969810206766461e-51,1.728258433683115753e-54,3.329315933894456696e-58,6.006467076516667606e-62,1.018723244529696571e-65,1.629842056748525042e-69,2.467267568755056473e-73,3.543798301128253196e-77,4.841647732374819301e-81,6.306401139412588992e-85,7.847700375668700121e-89,9.347801627461908414e-93,1.067704107876711681e-96,1.171322312084000102e-100,1.236071685280453541e-104,1.256503452663575048e-108,1.231985648401930961e-112,1.166543408267345548e-116,1.067939413816182764e-120,9.462565649913395699e-125,8.123171887243159539e-129,6.762525284151249557e-133,5.464458737434370555e-137,4.289505237108539182e-141,3.273677956186776309e-145,2.430871212560115559e-149,1.757505883835679186e-153
5.529212142958374469e-19,7.328984650855597133e-15,3.371899602004302217e-11,6.614832753639847611e-08,5.467588688825715087e-05,1.601770153300188793e-02,9.651890567792957842e-01,1.863652993243592598e-02,1.016925222699836096e-04,2.766934723254836527e-07,4.700196682382902472e-10,5.617843268407190272e-13,5.085274227266675184e-16,3.663054501314279390e-19,2.175289165724570453e-22,1.093476552724056056e-25,4.748835273676963995e-29,1.810868286214399909e-32,6.143510305450891820e-36,1.874520721749442672e-39,5.191113961819350868e-43,1.314877554221608847e-46,3.066543038887413560e-50,6.622993302719563802e-54,1.331346004724761018e-57,2.502015534399510423e-61,4.413326610740921001e-65,7.332480085920497708e-69,1.151119863588113811e-72,1.712448544382665784e-76,2.420298372250567722e-80,3.257627169968157286e-84,4.184598955585529258e-88,5.140294436209260167e-92,6.049191070365428268e-96,6.831477489407059534e-100,7.415131799366490803e-104,7.747123912668854662e-108,7.801292643738061042e-112,7.581321884500026488e-116,7.118492180798086731e-120,6.465111793481051199e-124,5.685386314917543917e-128,4.845784319918435952e-132,4.006712129353811334e-136,3.216692455853709505e-140,2.509487560955447406e-144,1.903936408811897042e-148
2.143355685753886019e-22,3.867448383709311744e-18,2.562824833461074228e-14,7.859226852815754900e-11,1.156025059908274547e-07,7.640770698484303941e-05,1.863652993243592598e-02,9.599150616466355368e-01,2.124097876194352974e-02,1.305107922689824297e-04,3.947398436149983423e-07,7.378004404165507563e-10,9.621876199876891877e-13,9.436758149788714915e-16,7.321138881161132304e-19,4.658523062434375717e-22,2.498018552551733631e-25,1.152719576847357750e-28,4.654412561915058122e-32,1.666828110175581304e-35,5.353697407379222822e-39,1.556770758800231664e-42,4.131070667820558251e-46,1.007256781609324213e-49,2.270055952910717761e-53,4.753449077918546280e-57,9.290678924274765479e-61,1.701843216410622679e-64,2.932268541217840918e-68,4.767799925398682313e-72,7.337405695902738875e-76,1.071613752798617380e-79,1.488890159494604721e-83,1.972342999100423431e-87,2.496230538312264583e-91,3.024029535551923075e-95,3.512695737412908724e-99,3.918740675698194292e-103,4.204868332788850174e-107,4.345719702352388857e-111,4.331492460387028289e-115,4.168756085275577827e-119,3.878482322683555630e-123,3.491939349537908802e-127,3.045486578371465156e-131,2.575385096492684346e-135,2.113539684986396826e-139,1.684718625008654844e-143
7.269981314274710134e-26,1.713521548863408296e-21,1.545780179021256502e-17,6.828018632630392471e-14,1.570139292564246674e-10,1.847130089590020442e-07,1.016925222699836096e-04,2.124097876194352974e-02,9.546626606404661208e-01,2.383109702906819824e-02,1.628430386619126192e-04,5.420304362503501535e-07,1.105499014611545659e-09,1.562140329439562592e-12,1.650152160044093783e-15,1.371782239529737604e-18,9.311427617131523523e-22,5.305408514022166844e-25,2.592339426567989915e-28,1.104923052462153169e-31,4.165330687011632399e-35,1.404800801770730529e-38,4.279570697954278151e-42,1.187279976592326251e-45,3.020805707943990643e-49,7.091786080815360457e-53,1.544429696650172618e-56,3.134753311548009040e-60,5.954911979213490688e-64,1.062685143212449623e-67,1.787503110604262823e-71,2.842601795615816974e-75,4.285524532542408044e-79,6.140389986557868352e-83,8.380772917571689644e-87,1.091889193653503303e-90,1.360558638032754602e-94,1.624327892298045209e-98,1.861075964163621492e-102,2.049525675652473296e-106,2.172502523790218106e-110,2.219535561477437970e-114,2.188257595838147083e-118,2.084369990227123844e-122,1.920284948873303481e-126,1.712841550621175431e-130,1.480640370042148462e-134,1.241536100732740268e-138
2.191895370680071280e-29,6.539038365949744968e-25,7.705616823586098971e-21,4.633745628135140962e-17,1.534914652560440225e-13,2.823182841687539234e-10,2.766934723254836527e-07,1.305107922689824297e-04,2.383109702906819824e-02,9.494317884171695754e-01,2.640693361689824478e-02,1.986698451386875806e-04,7.217259836900704677e-07,1.595097926597712963e-09,2.427797500672869409e-12,2.748120957863748495e-15,2.437069396563113833e-18,1.757764550870405572e-21,1.060505819265284894e-24,5.470016421648501484e-28,2.454274086375568270e-31,9.715047530670797358e-35,3.432626360140009986e-38,1.093272378864209408e-41,3.165006050143606664e-45,8.388448251240698167e-49,2.048120515029993681e-52,4.631965697577629891e-56,9.749919546959204747e-60,1.918309106691795401e-63,3.541410011688235428e-67,6.155502416234562051e-71,1.010474320546303989e-74,1.571017892396023278e-78,2.319218701618999405e-82,3.258534386162672311e-86,4.366710268450324119e-90,5.592361020143947392e-94,6.857032690801864954e-98,8.063250708603051868e-102,9.107458209478255478e-106,9.895328380712374944e-110,1.035617936618354932e-113,1.045338742756651178e-117,1.018871714053070579e-121,9.600016481368396325e-126,8.753273225375044592e-130,7.731157098005807292e-134
5.947697246370754236e-33,2.190705992621266875e-28,3.267547904265837210e-24,2.566796675927691507e-20,1.157538332969691210e-16,3.067052559636613141e-13,4.700196682382902472e-10,3.947398436149983423e-07,1.628430386619126192e-04,2.640693361689824478e-02,9.442223797886467596e-01,2.896853728432041003e-02,2.379718572544026526e-04,9.369696934460179600e-07,2.230711936780618434e-09,3.638401170566884842e-12,4.393583785598058331e-15,4.140206982299610058e-18,3.162068087084623934e-21,2.013867444731452481e-24,1.093463510558720073e-27,5.151644598727062150e-31,2.136418186830450664e-34,7.891980118407457646e-38,2.622904389983015709e-41,7.909831290603881312e-45,2.180300295510678353e-48,5.528258127714826771e-52,1.296579948650495630e-55,2.826709441653627741e-59,5.753440102603525956e-63,1.097566291293876089e-66,1.969296002994226804e-70,3.333811242541537580e-74,5.340301331301677638e-78,8.115571165160262169e-82,1.172836596131298999e-85,1.615369651704320618e-89,2.124699509530342388e-93,2.673758988955470675e-97,3.224735659647825279e-101,3.733424606368089577e-105,4.155354455041161169e-109,4.452446340068276420e-113,4.598777299401245944e-117,4.584231550775658474e-121,4.415359874214645933e-125,4.113450878648452797e-129
1.467186096217828279e-36,6.539239559716372556e-32,1.204234476841762143e-27,1.197378510049537433e-23,7.053902698740565576e-20,2.544610005580098476e-16,5.617843268407190272e-13,7.378004404165507563e-10,5.420304362503501535e-07,1.986698451386875806e-04,2.896853728432041003e-02,9.390343697220125962e-01,3.151595666627320103e-02,2.807297822849459841e-04,1.190887300981141548e-06,3.038576168739509266e-09,5.287431066951610625e-12,6.784818254272261608e-15,6.770287295492987258e-18,5.458460039986955792e-21,3.659589817145223379e-24,2.086491257475561398e-27,1.029862925949448543e-30,4.465191304590058709e-34,1.721219073894833300e-37,5.958989553239957448e-41,1.868962334767462217e-44,5.349937733489216144e-48,1.406768708366628782e-51,3.417279868107927750e-55,7.707115685228441863e-59,1.621005009842471909e-62,3.192132492554647898e-66,5.906494020517675326e-70,1.030217740077728122e-73,1.698817933055374624e-77,2.655450727117885176e-81,3.944202892018279590e-85,5.579286311064227248e-89,7.531615843528107425e-93,9.721001143990037438e-97,1.201736513266335814e-100,1.425247645544888099e-104,1.624098703089579248e-108,1.780694265803502778e-112,1.881026279884236900e-116,1.916753296276137206e-120,1.886286147775323037e-124
3.317668512343549169e-40,1.759827165043202118e-35,3.921608204515410639e-31,4.814323985625691838e-27,3.589969606963715264e-23,1.691788225498530166e-19,5.085274227266675184e-16,9.621876199876891877e-13,1.105499014611545659e-09,7.217259836900704677e-07,2.379718572544026526e-04,3.151595666627320103e-02,9.338676933392927593e-01,3.404924027399980346e-02,3.269243890828820451e-04,1.486587123487616822e-06,4.047034283470941122e-09,7.483748886835054283e-12,1.016933445689629846e-14,1.071234785774845318e-17,9.091946664270689505e-21,6.400806110422956668e-24,3.823346549997622185e-27,1.973011175042854976e-30,8.926654302209934194e-34,3.584482972153530321e-37,1.290647263005811368e-40,4.203738880734862052e-44,1.247920290712393367e-47,3.398666028025308691e-51,8.540759449655919717e-55,1.990464625409909574e-58,4.321562924250901359e-62,8.776198901386179668e-66,1.673111766999892607e-69,3.004122286944400011e-73,5.095347472225080153e-77,8.185930749230117794e-81,1.248746537118567241e-84,1.812916605642234127e-88,2.510068804224064674e-92,3.320741235734657360e-96,4.205341472869773471e-100,5.106271271771583201e-104,5.954049262471874261e-108,6.676537651144527568e-112,7.209482703298870383e-116,7.506152040077037414e-120
6.924982382893423428e-44,4.311168758536114242e-39,1.143370384519330316e-34,1.698525221573311773e-30,1.563806210808330757e-26,9.328292803598269205e-23,3.663054501314279390e-19,9.436758149788714915e-16,1.562140329439562592e-12,1.595097926597712963e-09,9.369696934460179600e-07,2.807297822849459841e-04,3.404924027399980346e-02,9.287222859171190281e-01,3.656843649530049783e-02,3.765365079336011186e-04,1.827160113545568307e-06,5.286526689256834760e-09,1.035273617236230559e-11,1.485134601141800918e-14,1.646935203924548328e-17,1.467813265503275583e-20,1.082625388609284379e-23,6.761044651525774957e-27,3.640834702034443204e-30,1.715947595415490755e-33,7.166186789228288170e-37,2.679605210515306592e-40,9.051135644560182113e-44,2.782933470639875569e-47,7.840710719409763621e-51,2.036060901287410481e-54,4.898275713423831851e-58,1.096728626497651450e-61,2.294747346211913868e-65,4.503468808687940925e-69,8.317226720944000071e-73,1.449899469927033299e-76,2.392311077320573254e-80,3.745486623969370011e-84,5.577123775787506195e-88,7.914889407388800235e-92,1.072660783666810817e-95,1.390754052895424209e-99,1.727983329487912016e-103,2.060678113487503993e-107,2.362090082831900828e-111,2.606101133735001345e-115
1.342207531594058801e-47,9.691217519169676578e-43,3.016558422970405298e-38,5.333315571170813587e-34,5.941905494686862036e-30,4.376281185125595816e-26,2.175289165724570453e-22,7.321138881161132304e-19,1.650152160044093783e-15,2.427797500672869409e-12,2.230711936780618434e-09,1.190887300981141548e-06,3.269243890828820451e-04,3.656843649530049783e-02,9.235980828864278624e-01,3.907359359478458638e-02,4.295470304117412260e-04,2.215679912662583261e-06,6.789578787080403809e-09,1.403742580351895668e-11,2.119975281037783527e-14,2.468726411919861634e-17,2.305172511723519565e-20,1.777633430128518033e-23,1.158464318337237262e-26,6.498549912916350666e-30,3.185429353731668883e-33,1.381514530297063307e-36,5.357271352550401827e-40,1.874242135178936465e-43,5.961525064588593618e-47,1.735633908543817805e-50,4.652524175063386322e-54,1.154280257565440783e-57,2.662795480055400568e-61,5.735453175594606399e-65,1.157761589800588598e-68,2.197627153764161993e-72,3.934587114303098275e-76,6.662904105730578290e-80,1.069923938637008126e-83,1.632983967857752013e-87,2.374022472988751066e-91,3.294004990520473980e-95,4.370176120047025038e-99,5.553290177628296042e-103,6.769686039787338992e-107,7.928608116995033926e-111
2.428048998598931212e-51,2.012582948576497802e-46,7.265595832720092413e-42,1.507649611010452741e-37,1.999088898912550209e-33,1.781692230127933509e-29,1.093476552724056056e-25,4.658523062434375717e-22,1.371782239529737604e-18,2.748120957863748495e-15,3.638401170566884842e-12,3.038576168739509266e-09,1.486587123487616822e-06,3.765365079336011186e-04,3.907359359478458638e-02,9.184950198321578663e-01,4.156475971412214310e-02,4.859369092378761426e-04,2.655202904694246791e-06,8.590789251513633437e-09,1.869962712655150438e-11,2.965663259762407440e-14,3.618341602057521138e-17,3.532465913705317224e-20,2.842669612394926204e-23,1.929821135227480637e-26,1.125905831330442294e-29,5.731378961458655538e-33,2.577827377111588266e-36,1.035364372989163822e-39,3.747212763861799972e-43,1.231655183246320547e-46,3.701569273982546917e-50,1.023262950969258551e-53,2.615658617429915440e-57,6.211583762403841025e-61,1.376169198521756611e-64,2.855138068658110955e-68,5.566063205899903195e-72,1.022770577950799271e-75,1.776403560659005840e-79,2.923870950464793162e-83,4.571468892695099620e-87,6.804257522516217421e-91,9.660666718882898815e-95,1.310823318857169844e-98,1.702720170506667727e-102,2.120819459865410417e-106
4.117811842262880241e-55,3.883560809705385297e-50,1.609483884017239264e-45,3.873482443564662546e-41,6.028081055859503889e-37,6.394191526126743137e-33,4.748835273676963995e-29,2.498018552551733631e-25,9.311427617131523523e-22,2.437069396563113833e-18,4.393583785598058331e-15,5.287431066951610625e-12,4.047034283470941122e-09,1.827160113545568307e-06,4.295470304117412260e-04,4.156475971412214310e-02,9.134130324929466971e-01,4.404198287229496578e-02,5.456871581354737861e-04,3.148768269145879209e-06,1.072681834699997295e-08,2.452104473703754364e-11,4.074623850092033118e-14,5.197836184517058212e-17,5.295502796529257722e-20,4.439260213305961086e-23,3.134411892762772802e-26,1.899106705128706459e-29,1.002572558741857649e-32,4.670500760254214746e-36,1.940605779705351428e-39,7.257761997213924883e-43,2.462523950452489563e-46,7.632184733563004020e-50,2.173812662802722369e-53,5.720200585555537082e-57,1.397245157297306616e-60,3.181606220203926002e-64,6.779352882304886659e-68,1.356421113428332849e-71,2.556371383657947404e-75,4.551083970821633496e-79,7.673618534826758884e-83,1.228344139377224103e-86,1.870820652293266272e-90,2.716570999688239672e-94,3.767957293600781626e-98,5.000892241748811535e-102
6.572742391574404899e-59,6.998045577784797741e-54,3.299907107074821382e-49,9.117109142099084805e-45,1.645591927467376983e-40,2.048691991539995090e-36,1.810868286214399909e-32,1.152719576847357750e-28,5.305408514022166844e-25,1.757764550870405572e-21,4.140206982299610058e-18,6.784818254272261608e-15,7.483748886835054283e-12,5.286526689256834760e-09,2.215679912662583261e-06,4.859369092378761426e-04,4.404198287229496578e-02,9.083520567608316387e-01,4.650531096584743784e-02,6.087788516881200178e-04,3.699398034355708060e-06,1.323637627945615493e-08,3.170439093649888821e-11,5.508449965773295702e-14,7.333141522497442019e-17,7.782806696880172380e-20,6.785771209969848066e-23,4.975727038759257057e-26,3.126525613066022986e-29,1.709556768633621090e-32,8.238864844077439091e-36,3.537471282017800868e-39,1.365703543577234329e-42,4.778667452387076349e-46,1.525976703064290648e-49,4.474218263064664455e-53,1.211007887316351698e-56,3.040277070188673534e-60,7.110071271443487272e-64,1.554896327221915065e-67,3.190857384483032815e-71,6.164027886189539952e-75,1.124150755932778355e-78,1.940583962099728599e-82,3.178627447343018098e-86,4.951245574407492202e-90,7.349391783522443253e-94,1.041546999891085538e-97
9.908391093438376632e-63,1.182736955290399621e-57,6.296230545482285583e-53,1.979272736671436418e-48,4.101214844021049288e-44,5.921834599873283741e-40,6.143510305450891820e-36,4.654412561915058122e-32,2.592339426567989915e-28,1.060505819265284894e-24,3.162068087084623934e-21,6.770287295492987258e-18,1.016933445689629846e-14,1.035273617236230559e-11,6.789578787080403809e-09,2.655202904694246791e-06,5.456871581354737861e-04,4.650531096584743784e-02,9.033120286809470656e-01,4.895479176913668240e-02,6.751931251970134940e-04,4.310097130559683796e-06,1.616021158311711638e-08,4.047449188141087533e-11,7.338902207992446137e-14,1.017800633988410456e-16,1.123505062759627360e-19,1.017313129923966408e-22,7.736200336399144695e-26,5.034901677400593905e-29,2.848071648752508910e-32,1.418365512971233746e-35,6.286562305643011361e-39,2.502940505169471027e-42,9.023490118752158504e-46,2.966282267149859199e-49,8.945880446906578979e-53,2.488618493521014766e-56,6.416703959968621665e-60,1.540135414474510899e-63,3.454509846532013414e-67,7.266420520983313827e-71,1.437960948456443987e-74,2.684910703238006277e-78,4.742696203010744515e-82,7.945028393006789744e-86,1.265081523361768773e-89,1.918660705177446765e-93
1.415072116909324473e-66,1.882056618746778838e-61,1.123261365557514578e-56,3.986339773437717187e-52,9.398356793253690765e-48,1.557897815832677377e-43,1.874520721749442672e-39,1.666828110175581304e-35,1.104923052462153169e-31,5.470016421648501484e-28,2.013867444731452481e-24,5.458460039986955792e-21,1.071234785774845318e-17,1.485134601141800918e-14,1.403742580351895668e-11,8.590789251513633437e-09,3.148768269145879209e-06,6.087788516881200178e-04,4.895479176913668240e-02,8.982928844512251265e-01,5.139047293458256366e-02,7.449111745387222445e-04,4.983853442838129925e-06,1.954109954254818849e-08,5.107938744342169740e-11,9.648958691149921542e-14,1.391834508197937640e-16,1.595596724380188701e-19,1.498384432140370340e-22,1.180205771519999725e-25,7.946248723253782075e-29,4.644913545133771036e-32,2.387899991687420181e-35,1.091481526049101916e-38,4.477426823295360399e-42,1.661691182688521962e-45,5.618629656624224837e-49,1.741594883914556021e-52,4.975886350772314292e-56,1.316772525108392333e-59,3.241590481080722448e-63,7.452709637017212287e-67,1.605898154091672459e-70,3.253626208820636412e-74,6.216390101332974010e-78,1.123044373212169621e-81,1.923160364251678779e-85,3.128826553230601870e-89
1.919895594867353495e-70,2.829376327676974050e-65,1.881519079471283418e-60,7.486151486837884795e-56,1.992533631557414874e-51,3.758067654808232271e-47,5.191113961819350868e-43,5.353697407379222822e-39,4.165330687011632399e-35,2.454274086375568270e-31,1.093463510558720073e-27,3.659589817145223379e-24,9.091946664270689505e-21,1.646935203924548328e-17,2.119975281037783527e-14,1.869962712655150438e-11,1.072681834699997295e-08,3.699398034355708060e-06,6.751931251970134940e-04,5.139047293458256366e-02,8.932945604220953184e-01,5.381240199291704301e-02,8.179142560232126021e-04,5.723637863944479379e-06,2.342383064974877363e-08,6.379142479955611619e-11,1.253391432419519782e-13,1.877701239978443879e-16,2.232487844502674874e-19,2.171477934453665717e-22,1.769435019315234011e-25,1.231111409798195964e-28,7.428758605945935659e-32,3.938507435530984045e-35,1.854847185332779036e-38,7.832838964431104261e-42,2.990089199006904571e-45,1.039133070296342199e-48,3.308085056842966890e-52,9.700345340961032944e-56,2.632864436178402939e-59,6.643621158302748799e-63,1.564699723490511408e-66,3.451900272260811112e-70,7.156423769509872918e-74,1.398395817947748967e-77,2.582482866598867484e-81,4.518550882639634471e-85
2.480774857199976780e-74,4.030738891097122203e-69,2.970039056178508714e-64,1.316687182920291095e-59,3.929044629656801733e-55,8.365969810206766461e-51,1.314877554221608847e-46,1.556770758800231664e-42,1.404800801770730529e-38,9.715047530670797358e-35,5.151644598727062150e-31,2.086491257475561398e-27,6.400806110422956668e-24,1.467813265503275583e-20,2.468726411919861634e-17,2.965663259762407440e-14,2.452104473703754364e-11,1.323637627945615493e-08,4.310097130559683796e-06,7.449111745387222445e-04,5.381240199291704301e-02,8.883169930961858363e-01,5.622062635343315351e-02,8.941836862521414849e-04,6.532404347016216567e-06,2.785519909627189621e-08,7.890834577113742953e-11,1.610252926461546406e-13,2.501902281859802172e-16,3.081099541271074286e-19,3.100427219294281387e-22,2.610734077617008117e-25,1.875130681626787684e-28,1.166888923990789844e-31,6.374158835568901156e-35,3.090293352890128879e-38,1.342316890837219078e-41,5.266570425066607904e-45,1.879769064429227417e-48,6.141831609642509377e-52,1.847183427698379177e-55,5.139025893125974895e-59,1.328396445201259903e-62,3.203152946044748009e-66,7.230917437852376042e-70,1.533186473668348593e-73,3.062513354942007379e-77,5.778680834921189752e-81
3.059804683696308211e-78,5.456358454806771668e-73,4.432667025691073552e-68,2.177437666658749964e-63,7.239711132310016175e-59,1.728258433683115753e-54,3.066543038887413560e-50,4.131070667820558251e-46,4.279570697954278151e-42,3.432626360140009986e-38,2.136418186830450664e-34,1.029862925949448543e-30,3.823346549997622185e-27,1.082625388609284379e-23,2.305172511723519565e-20,3.618341602057521138e-17,4.074623850092033118e-14,3.170439093649888821e-11,1.616021158311711638e-08,4.983853442838129925e-06,8.179142560232126021e-04,5.622062635343315351e-02,8.833601191280241460e-01,5.861519330423359958e-02,9.737008419774118148e-04,7.413089958168390583e-06,3.288399130028415049e-08,9.675436793012468343e-11,2.047822626300874600e-13,3.295723454229722988e-16,4.198964651036631406e-19,4.366411966700570762e-22,3.795557296167721895e-25,2.811423661853755491e-28,1.802620796525546141e-31,1.013677558661258414e-34,5.055013836565581809e-38,2.256767131661811558e-41,9.093899136841149152e-45,3.331313103209380600e-48,1.116377667983812748e-51,3.441544028007531171e-55,9.808332061285823972e-59,2.595770714881619156e-62,6.404794218284245569e-66,1.478716831379603222e-69,3.205057608892317228e-73,6.541276479525555533e-77
3.609897771400981372e-82,7.035890317481061125e-77,6.273264430918994972e-72,3.397499863069043756e-67,1.251686937976221916e-62,3.329315933894456696e-58,6.622993302719563802e-54,1.007256781609324213e-49,1.187279976592326251e-45,1.093272378864209408e-41,7.891980118407457646e-38,4.465191304590058709e-34,1.973011175042854976e-30,6.761044651525774957e-27,1.777633430128518033e-23,3.532465913705317224e-20,5.197836184517058212e-17,5.508449965773295702e-14,4.047449188141087533e-11,1.954109954254818849e-08,5.723637863944479379e-06,8.941836862521414849e-04,5.861519330423359958e-02,8.784238753237388897e-01,6.099615001247900292e-02,1.056447159959998877e-03,8.368614928969693225e-06,3.856097446849072225e-08,1.176812594915185370e-10,2.580033661700686405e-13,4.295851623558575884e-16,5.656059686452990553e-19,6.071709709243510872e-22,5.443111959588033054e-25,4.154137524325051413e-28,2.741973202664060202e-31,1.586010585652354691e-34,8.129036169971236165e-38,3.727306929675658237e-41,1.541516664497272537e-44,5.791841068645858301e-48,1.989496065606246651e-51,6.282853221191872930e-55,1.833257727823523037e-58,4.964597192333217017e-62,1.252816218342498579e-65,2.956764885547454995e-69,6.548043739776740279e-73
4.081433227805781087e-86,8.661795674162498384e-81,8.441076295285245824e-76,5.017373609841069473e-71,2.037973136932877898e-66,6.006467076516667606e-62,1.331346004724761018e-57,2.270055952910717761e-53,3.020805707943990643e-49,3.165006050143606664e-45,2.622904389983015709e-41,1.721219073894833300e-37,8.926654302209934194e-34,3.640834702034443204e-30,1.158464318337237262e-26,2.842669612394926204e-23,5.295502796529257722e-20,7.333141522497442019e-17,7.338902207992446137e-14,5.107938744342169740e-11,2.342383064974877363e-08,6.532404347016216567e-06,9.737008419774118148e-04,6.099615001247900292e-02,8.735081986407624566e-01,6.336354352463542672e-02,1.142404136829036892e-03,9.401882708801552455e-06,4.493888519285013474e-08,1.420694080104551504e-10,3.222539445414752481e-13,5.545041551773668734e-16,7.536862979858588711e-19,8.344068114323987543e-22,7.707269587885073475e-25,6.055376657346255422e-28,4.111242394649218538e-31,2.444151639210962420e-34,1.286631643559160711e-37,6.054819051226287309e-41,2.568374162896780897e-44,9.891411684522939186e-48,3.480623564179734272e-51,1.125372391983719296e-54,3.360103870025196789e-58,9.306323330893240502e-62,2.400664469404289458e-65,5.789021835731889343e-69
4.429979550115987077e-90,1.020136819994667404e-84,1.082479641381569408e-79,7.032570558184629233e-75,3.135084983543307379e-70,1.018723244529696571e-65,2.502015534399510423e-61,4.753449077918546280e-57,7.091786080815360457e-53,8.388448251240698167e-49,7.909831290603881312e-45,5.958989553239957448e-41,3.584482972153530321e-37,1.715947595415490755e-33,6.498549912916350666e-30,1.929821135227480637e-26,4.439260213305961086e-23,7.782806696880172380e-20,1.017800633988410456e-16,9.648958691149921542e-14,6.379142479955611619e-11,2.785519909627189621e-08,7.413089958168390583e-06,1.056447159959998877e-03,6.336354352463542672e-02,8.686130261875324443e-01,6.571742076672186517e-02,1.231553328941173376e-03,1.051578001710020655e-05,5.207241808200391876e-08,1.703288829025627796e-10,3.992847906412615205e-13,7.092834779291774337e-16,9.942656660870182958e-19,1.134177130936561314e-21,1.078485197947541084e-24,8.715797688654009258e-28,6.082098001668687630e-31,3.713670050890184270e-34,2.006419048620410667e-37,9.684424029208322449e-41,4.210788788914761826e-44,1.661256086455273006e-47,5.984962379738870071e-51,1.980117913125829108e-54,6.046623825177106001e-58,1.711941056386524832e-61,4.512184210991165832e-65
4.623356768012547860e-94,1.151554281023675627e-88,1.325889994248441874e-83,9.379368940433078432e-79,4.570092314927775094e-74,1.629842056748525042e-69,4.413326610740921001e-65,9.290678924274765479e-61,1.544429696650172618e-56,2.048120515029993681e-52,2.180300295510678353e-48,1.868962334767462217e-44,1.290647263005811368e-40,7.166186789228288170e-37,3.185429353731668883e-33,1.125905831330442294e-29,3.134411892762772802e-26,6.785771209969848066e-23,1.123505062759627360e-19,1.391834508197937640e-16,1.253391432419519782e-13,7.890834577113742953e-11,3.288399130028415049e-08,8.368614928969693225e-06,1.142404136829036892e-03,6.571742076672186517e-02,8.637382952231954514e-01,6.805782854455717790e-02,1.323876352240186110e-03,1.171317689548218926e-05,6.001821442734569506e-08,2.029004918061218584e-10,4.910460500168803154e-13,8.996332393406783338e-16,1.299409074515758576e-18,1.525947927586567269e-21,1.492550176802041723e-24,1.239763939014727833e-27,8.885508258716877747e-31,5.568345225077091936e-34,3.085681519847209964e-37,1.526641096155855523e-40,6.799871671586922341e-44,2.746633528926829168e-47,1.012550457835996698e-50,3.426197120911910811e-54,1.069510806305387617e-57,3.093899227935961033e-61
4.646465081879919953e-98,1.248055430857126199e-92,1.554273803157319823e-87,1.193041965411181821e-82,6.329642484792819512e-78,2.467267568755056473e-73,7.332480085920497708e-69,1.701843216410622679e-64,3.134753311548009040e-60,4.631965697577629891e-56,5.528258127714826771e-52,5.349937733489216144e-48,4.203738880734862052e-44,2.679605210515306592e-40,1.381514530297063307e-36,5.731378961458655538e-33,1.899106705128706459e-29,4.975727038759257057e-26,1.017313129923966408e-22,1.595596724380188701e-19,1.877701239978443879e-16,1.610252926461546406e-13,9.675436793012468343e-11,3.856097446849072225e-08,9.401882708801552455e-06,1.231553328941173376e-03,6.805782854455717790e-02,8.588839431573116467e-01,7.038481354400606682e-02,1.419354882116858783e-03,1.299692675975323104e-05,6.883485090365550411e-08,2.402568308045247025e-10,5.997015968224996505e-13,1.132102352294920980e-15,1.683402823575784977e-18,2.033492503695263322e-21,2.044337025425694998e-24,1.744063574953444276e-27,1.282926356942487851e-30,8.246201753085561392e-34,4.683968914528184626e-37,2.373969405202044726e-40,1.082596760479896365e-43,4.474645693551068523e-47,1.687102014858810006e-50,5.835640637776860111e-54,1.861259864591563760e-57
4.502914291590057915e-102,1.300758071944684269e-96,1.746926417429249154e-91,1.450352767176519069e-86,8.349480938014925180e-82,3.543798301128253196e-77,1.151119863588113811e-72,2.932268541217840918e-68,5.954911979213490688e-64,9.749919546959204747e-60,1.296579948650495630e-55,1.406768708366628782e-51,1.247920290712393367e-47,9.051135644560182113e-44,5.357271352550401827e-40,2.577827377111588266e-36,1.002572558741857649e-32,3.126525613066022986e-29,7.736200336399144695e-26,1.498384432140370340e-22,2.232487844502674874e-19,2.501902281859802172e-16,2.047822626300874600e-13,1.176812594915185370e-10,4.493888519285013474e-08,1.051578001710020655e-05,1.323876352240186110e-03,7.038481354400606682e-02,8.540499075495578962e-01,7.269842233122583708e-02,1.517970653269131711e-03,1.436986645180099396e-05,7.858282830422414619e-08,2.829033285274985910e-10,7.276438819316666346e-13,1.414167138938611105e-15,2.163069075902747026e-18,2.685656024893060921e-21,2.773087986099394248e-24,2.428132397889022002e-27,1.831986608074068584e-30,1.207011354408238114e-33,7.023410840001250409e-37,3.644501914281540600e-40,1.700680304422507243e-43,7.189226361802776493e-47,2.770875825332995590e-50,9.792881343648610327e-54
4.213322640365116447e-106,1.305600783280806417e-100,1.885733655035928555e-95,1.688356124283675096e-90,1.051286283905650563e-85,4.841647732374819301e-81,1.712448544382665784e-76,4.767799925398682313e-72,1.062685143212449623e-67,1.918309106691795401e-63,2.826709441653627741e-59,3.417279868107927750e-55,3.398666028025308691e-51,2.782933470639875569e-47,1.874242135178936465e-43,1.035364372989163822e-39,4.670500760254214746e-36,1.709556768633621090e-32,5.034901677400593905e-29,1.180205771519999725e-25,2.171477934453665717e-22,3.081099541271074286e-19,3.295723454229722988e-16,2.580033661700686405e-13,1.420694080104551504e-10,5.207241808200391876e-08,1.171317689548218926e-05,1.419354882116858783e-03,7.269842233122583708e-02,8.492361261094319991e-01,7.499870135291135387e-02,1.619705459562507553e-03,1.583481629137161570e-05,8.932456031039292678e-08,3.313792841495094552e-10,8.775092504438231268e-13,1.754325873381323494e-15,2.758112487443460275e-18,3.517224587917163596e-21,3.727484479401696857e-24,3.347632918450608473e-27,2.588968448932232809e-30,1.747407598587514087e-33,1.041025433033963912e-36,5.527713182108859347e-40,2.638144081087099098e-43,1.140016175172291301e-46,4.489446929019616441e-50
3.810943381297744730e-110,1.263768145847632834e-104,1.958034700448235116e-99,1.885368175378619273e-94,1.266012584039886594e-89,6.306401139412588992e-85,2.420298372250567722e-80,7.337405695902738875e-76,1.787503110604262823e-71,3.541410011688235428e-67,5.753440102603525956e-63,7.707115685228441863e-59,8.540759449655919717e-55,7.840710719409763621e-51,5.961525064588593618e-47,3.747212763861799972e-43,1.940605779705351428e-39,8.238864844077439091e-36,2.848071648752508910e-32,7.946248723253782075e-29,1.769435019315234011e-25,3.100427219294281387e-22,4.198964651036631406e-19,4.295851623558575884e-16,3.222539445414752481e-13,1.703288829025627796e-10,6.001821442734569506e-08,1.299692675975323104e-05,1.517970653269131711e-03,7.499870135291135387e-02,8.444425366959590340e-01,7.728569693654084583e-02,1.724541153890714199e-03,1.739458012773046415e-05,1.011243622954352211e-07,3.862588993037305203e-10,1.052193725830305272e-12,2.162199442860649863e-15,3.491500981087070351e-18,4.569909090955289289e-21,4.967526142398556166e-24,4.573028426716350543e-27,3.623042221793091219e-30,2.503646392667354640e-33,1.526284761787451423e-36,8.288756805876378167e-40,4.043862674830373940e-43,1.785486772079385339e-46
3.335798714431844598e-114,1.181185637733679881e-108,1.958486287432224651e-103,2.022923903190899873e-98,1.460877143134490003e-93,7.847700375668700121e-89,3.257627169968157286e-84,1.071613752798617380e-79,2.842601795615816974e-75,6.155502416234562051e-71,1.097566291293876089e-66,1.621005009842471909e-62,1.990464625409909574e-58,2.036060901287410481e-54,1.735633908543817805e-50,1.231655183246320547e-46,7.257761997213924883e-43,3.537471282017800868e-39,1.418365512971233746e-35,4.644913545133771036e-32,1.231111409798195964e-28,2.610734077617008117e-25,4.366411966700570762e-22,5.656059686452990553e-19,5.545041551773668734e-16,3.992847906412615205e-13,2.029004918061218584e-10,6.883485090365550411e-08,1.436986645180099396e-05,1.619705459562507553e-03,7.728569693654084583e-02,8.396690773173960398e-01,7.955945529061991817e-02,1.832459648036643702e-03,1.905194539120721103e-05,1.140484401627035656e-07,4.481523039299201052e-10,1.254869257973673809e-12,2.648638307184651957e-15,4.389882799202253430e-18,5.893454844533592408e-21,6.566710958441057742e-24,6.192912778817117319e-27,5.023411505053554510e-30,3.552184710332246938e-33,2.214772861204959346e-36,1.229527287684232034e-39,6.129060005404488700e-43
2.828647909827807836e-118,1.067274562827483400e-112,1.889566180644723221e-107,2.088674145988173739e-102,1.618036281804645168e-97,9.347801627461908414e-93,4.184598955585529258e-88,1.488890159494604721e-83,4.285524532542408044e-79,1.010474320546303989e-74,1.969296002994226804e-70,3.192132492554647898e-66,4.321562924250901359e-62,4.898275713423831851e-58,4.652524175063386322e-54,3.701569273982546917e-50,2.462523950452489563e-46,1.365703543577234329e-42,6.286562305643011361e-39,2.387899991687420181e-35,7.428758605945935659e-32,1.875130681626787684e-28,3.795557296167721895e-25,6.071709709243510872e-22,7.536862979858588711e-19,7.092834779291774337e-16,4.910460500168803154e-13,2.402568308045247025e-10,7.858282830422414619e-08,1.583481629137161570e-05,1.724541153890714199e-03,7.955945529061991817e-02,8.349156861309385835e-01,8.182002250492662054e-02,1.943442912533535800e-03,2.080968314462542949e-05,1.281648792179711384e-07,5.177065760745093818e-10,1.489000432362430154e-12,3.225835935200817477e-15,5.484042031960229421e-18,7.546888523286373762e-21,8.614553745805511738e-24,8.317961446753244284e-27,6.904306305307470584e-30,4.993322787123329044e-33,3.182583814606417769e-36,1.805255539385295922e-39
