9.971624368262314020e-01,2.833533478075767834e-03,4.025879673591886427e-06,3.813308782513922114e-09,2.708971401862102625e-12,1.539560832788118589e-15,7.291351606203667046e-19,2.959868653805461991e-22,1.051344120517442092e-25,3.319439967792697159e-29,9.432509619134830323e-33,2.436671645007371182e-36,5.770031730555381461e-40,1.261238696639541681e-43,2.559951216708309974e-47,4.849565932889125266e-51,8.612819058794240298e-55,1.439656359616134792e-58,2.272734857567242443e-62,3.399050444422950839e-66,4.829365242936409578e-70,6.534813466858067419e-74,8.440592866082801122e-78,1.042815684115017122e-81,1.234692330990346660e-85,1.403399055471730021e-89,1.533805426246728106e-93,1.614243118353697040e-97,1.638224249661436696e-101,1.605231931846626098e-105,1.520473913772280475e-109,1.393733431567416804e-113,1.237633844801773918e-117,1.065714010480045211e-121,8.906851184531931405e-126,7.231336808055095836e-130,5.707928534715745596e-134,4.383684005591875165e-138,3.278068934835263571e-142,2.388448674075863237e-146,1.696751960543164972e-150,1.175971890674206429e-154,7.956280547494654119e-159,5.257800105603325716e-163,3.395578947105139553e-167,2.144192420131435529e-171,1.324550017368211859e-175,8.008163707870942442e-180
2.833533478075767834e-03,9.915034216294272840e-01,5.650974877383517850e-03,1.205477000396618243e-05,1.523157105664495702e-08,1.352946577579359588e-11,9.228617446709325238e-15,5.099803149302536349e-18,2.366213071201137546e-21,9.456123035965918099e-25,3.317553733902751675e-28,1.037040059583311064e-31,2.922621330354543278e-35,7.497762387503901699e-39,1.765017461698169163e-42,3.838472093087704510e-46,7.756549635265367054e-50,1.463689797741978368e-53,2.590563327342277034e-57,4.316904686796186601e-61,6.796169279979810730e-65,1.013892257420342243e-68,1.437287600607427662e-72,1.940856693616967171e-76,2.502165024642141707e-80,3.086029167827071828e-84,3.648040008989413056e-88,4.140403005452532424e-92,4.518963372362268367e-96,4.749919335111913487e-100,4.814783554397349439e-104,4.712605057570783410e-108,4.459154930523620252e-112,4.083488346882231504e-116,3.622821995061283850e-120,3.116891741558155025e-124,2.602870296264966635e-128,2.111609177685074315e-132,1.665550798200815343e-136,1.278260592376182395e-140,9.552437342949863908e-145,6.955718774693004432e-149,4.938413635874220083e-153,3.420748479554168128e-157,2.313133245166984640e-161,1.527817554972431059e-165,9.862066584226988043e-170,6.224632336998029835e-174
4.025879673591886427e-06,5.650974877383517850e-03,9.858685159672129217e-01,8.452381332555061744e-03,2.406387776394116883e-05,3.802483669458112384e-08,4.054227172489069105e-11,3.226957156144565939e-14,2.038265330839989694e-17,1.064039556415601872e-20,4.725076285278222457e-24,1.823617687725873018e-27,6.219025958506012020e-31,1.898804256164554808e-34,5.246139435157953095e-38,1.323225771990513397e-41,3.069614316007866413e-45,6.590725518730044994e-49,1.316880463099090277e-52,2.460258185923280104e-56,4.315613520850207395e-60,7.133950117238855636e-64,1.114979675043898708e-67,1.652453782199785882e-71,2.328452572898321758e-75,3.126965681156749988e-79,4.010925963991695514e-83,4.923777570539063516e-87,5.795344156314929735e-91,6.551166984652950847e-95,7.123482788406448027e-99,7.461500799075416376e-103,7.538785821400468571e-107,7.356298980627660213e-111,6.940734712942496139e-115,6.338878794980627023e-119,5.609494169237219604e-123,4.814549900409766480e-127,4.011441208715996518e-131,3.247338336559418175e-135,2.556148653946728736e-139,1.957971436918523362e-143,1.460498475077091300e-147,1.061615265363080499e-151,7.524652042082666812e-156,5.203877584573560778e-160,3.513536598061563170e-164,2.317299323426150063e-168
3.813308782513922114e-09,1.205477000396618243e-05,8.452381332555061744e-03,9.802576437358588857e-01,1.123780982673528404e-02,4.003048533141240266e-05,7.594162980781789949e-08,9.449111974008020777e-11,8.597069056099954415e-14,6.109831986574636686e-17,3.544279127242651743e-20,1.731434042503483984e-23,7.290325536928858307e-27,2.693519032052750816e-30,8.856890267065901114e-34,2.621923083063700985e-37,7.054339512224545618e-41,1.738789117889618231e-44,3.953030792833365350e-48,8.337454925179828343e-52,1.639654299810925156e-55,3.020025912002876809e-59,5.230076905471698909e-63,8.545864258357111779e-67,1.321621545273706585e-70,1.939897710566447849e-74,2.709395219585739016e-78,3.609012791811287250e-82,4.594521269209384028e-86,5.600986878632025882e-90,6.549837344646965496e-94,7.359489737965052055e-98,7.957426509138175030e-102,8.291144180140612191e-106,8.335658228351318727e-110,8.096129345537488055e-114,7.605383127837652445e-118,6.917252797753290784e-122,6.097467170066639551e-126,5.214072595204543641e-130,4.329136917782150631e-134,3.492894108220871438e-138,2.740770560609475231e-142,2.093090983784650964e-146,1.556825040065735797e-150,1.128548633865545479e-154,7.978248361849299214e-159,5.503845504357623228e-163
2.708971401862102625e-12,1.523157105664495702e-08,2.406387776394116883e-05,1.123780982673528404e-02,9.746707290208326269e-01,1.400731719190488091e-02,5.993195050516261438e-05,1.327090176634036782e-07,1.887674349379875979e-10,1.932508394293331590e-13,1.526217939655414024e-16,9.739843914073611963e-20,5.191022309769824776e-23,2.368009335735981007e-26,9.422446266412845567e-30,3.319760968549264381e-33,1.048310772753512638e-36,2.996877313256251679e-40,7.821586643561165399e-44,1.877022710339355787e-47,4.167333911749725409e-51,8.605467332990320411e-55,1.660517442598046714e-58,3.006439712278344989e-62,5.126130971888995730e-66,8.258000944244505162e-70,1.260621955477955317e-73,1.828408723477721993e-77,2.525734679281755785e-81,3.330299840515022736e-85,4.199855987434274267e-89,5.075093676637886005e-93,5.886438031364743343e-97,6.563633268713348312e-101,7.046180596414704674e-105,7.292405637085151710e-109,7.285261586331521588e-113,7.033803517839057278e-117,6.570323151647213390e-121,5.944092000795656781e-125,5.213271740485203598e-129,4.436701719477384663e-133,3.667004385763785437e-137,2.945909751503885049e-141,2.302080945669639732e-145,1.751191183996797057e-149,1.297659403046263912e-153,9.373231023474822668e-158
1.539560832788118589e-15,1.352946577579359588e-11,3.802483669458112384e-08,4.003048533141240266e-05,1.400731719190488091e-02,9.691076960964116749e-01,1.676096010920261059e-02,8.374570632103169737e-05,2.120326794405035908e-07,3.393951375744507916e-10,3.861355724754821600e-13,3.354953418276600914e-16,2.335901969598362685e-19,1.348813559459632866e-22,6.626658086627347988e-26,2.825273499581755187e-29,1.061820417015199228e-32,3.562698518825857265e-36,1.078437892084649326e-39,2.971076870950430633e-43,7.505424095966295906e-47,1.749695141802987065e-50,3.785210188069235354e-54,7.636095580987280267e-58,1.442681011648562201e-61,2.562371877865606298e-65,4.293051240252876573e-69,6.805676562109292645e-73,1.023666433566490437e-76,1.464593108750423403e-80,1.997743150227914974e-84,2.603362639176619244e-88,3.247400714672118056e-92,3.884287766492296926e-96,4.462425131433494535e-100,4.931422210997483432e-104,5.249599596659975655e-108,5.390165161202047788e-112,5.344797155485179416e-116,5.124019926693762539e-120,4.754522925540516407e-124,4.274226225866790494e-128,3.726272084809929559e-132,3.153164229926485599e-136,2.592032264008285687e-140,2.071585667596682987e-144,1.610877891244352746e-148,1.219638625585483899e-152
7.291351606203667046e-19,9.228617446709325238e-15,4.054227172489069105e-11,7.594162980781789949e-08,5.993195050516261438e-05,1.676096010920261059e-02,9.635684694252977245e-01,1.949879510924688863e-02,1.114492608684456430e-04,3.175969748275774144e-07,5.650154912265908186e-10,7.072446115364234037e-13,6.704458888468327046e-16,5.057525446857336765e-19,3.145244269111142761e-22,1.655723019311078927e-25,7.530170246094305759e-29,3.007066400692924679e-32,1.068342320127299024e-35,3.413667056933894717e-39,9.899837435452300073e-43,2.625965394465724964e-46,6.413404179717066875e-50,1.450539128226888374e-53,3.053524636914587121e-57,6.009462813100982302e-61,1.110060663063303711e-64,1.931374021413333846e-68,3.175197653402490358e-72,4.946549518196279520e-76,7.321300888800782162e-80,1.031941686418906475e-83,1.388167829036255380e-87,1.785707884284898618e-91,2.200665061429044901e-95,2.602588215338335689e-99,2.958310900605750197e-103,3.236678166920687740e-107,3.413183373832796582e-111,3.473537460008486972e-115,3.415458618893968145e-119,3.248411117686429685e-123,2.991498806841719016e-127,2.670095612074070605e-131,2.311983486430156667e-135,1.943747998787999253e-139,1.587995534624684022e-143,1.261683605853429202e-147
2.959868653805461991e-22,5.099803149302536349e-18,3.226957156144565939e-14,9.449111974008020777e-11,1.327090176634036782e-07,8.374570632103169737e-05,1.949879510924688863e-02,9.580529736582301670e-01,2.222087857245688344e-02,1.430201971073046495e-04,4.530650124604648760e-07,8.868719985365358017e-10,1.211270737287544808e-12,1.244102801919580926e-15,1.010786474393534274e-18,6.735553053632552326e-22,3.782358920486530222e-25,1.827810797361866091e-28,7.728794405099178536e-32,2.898518621396216048e-35,9.749375236865779464e-39,2.968826003461949640e-42,8.250102699142611517e-46,2.106556923906088315e-49,4.971706829222467026e-53,1.090218324237004330e-56,2.231451938160424723e-60,4.280503854291508568e-64,7.723500443282535777e-68,1.315113998991474531e-71,2.119447805439667993e-75,3.241553353634836924e-79,4.716416580356173185e-83,6.542842322934527102e-87,8.671677889353409862e-91,1.100116902482442880e-94,1.338220386469282648e-98,1.563391959749236346e-102,1.756741818457205063e-106,1.901303250966890245e-110,1.984546779786463183e-114,2.000158081823042506e-118,1.948738989674346576e-122,1.837352728357406501e-126,1.678094810227094548e-130,1.486058519614497794e-134,1.277138636618527952e-138,1.066077782610766693e-142
1.051344120517442092e-25,2.366213071201137546e-21,2.038265330839989694e-17,8.597069056099954415e-14,1.887674349379875979e-10,2.120326794405035908e-07,1.114492608684456430e-04,2.222087857245688344e-02,9.525611336336018420e-01,2.492726672937294052e-02,1.784361726852285270e-04,6.220787182016734931e-07,1.328795344410094334e-09,1.966450120232235193e-12,2.175412014736401748e-15,1.893878140473169311e-18,1.346259902490205778e-21,8.032944654900902520e-25,4.110449470521017357e-28,1.834719329489430397e-31,7.243128699231809183e-35,2.558172114476683220e-38,8.161178270526015196e-42,2.371062039692924209e-45,6.317558110290732950e-49,1.553167853150022558e-52,3.542149748853612687e-56,7.529010292787284164e-60,1.497770910123340656e-63,2.799045673141534744e-67,4.930458932933954024e-71,8.210915493693707357e-75,1.296326591192240144e-78,1.945096589938067409e-82,2.780122695194175515e-86,3.793089052703032737e-90,4.949555921109160739e-94,6.188096824063764828e-98,7.424750423601567577e-102,8.562595418566097579e-106,9.504879103260691753e-110,1.016910221150250916e-113,1.049912487909515721e-117,1.047281854200297532e-121,1.010388784983406994e-125,9.437871623668463268e-130,8.543591338855235519e-134,7.502123463149516913e-138
3.319439967792697159e-29,9.456123035965918099e-25,1.064039556415601872e-20,6.109831986574636686e-17,1.932508394293331590e-13,3.393951375744507916e-10,3.175969748275774144e-07,1.430201971073046495e-04,2.492726672937294052e-02,9.470928743770739011e-01,2.761801566097656091e-02,2.176749197551610066e-04,8.282589032611628868e-07,1.917188386563855895e-09,3.056024117883863434e-12,3.622742453199487823e-15,3.364502302138850323e-18,2.541329442057230507e-21,1.605675816393751045e-24,8.673132031343670950e-28,4.075223074791319931e-31,1.689324508760255217e-34,6.250771112529340045e-38,2.084844242642238144e-41,6.320586250206705309e-45,1.754290593196399007e-48,4.485512699680146711e-52,1.062327075902813132e-55,2.341693165122126898e-59,4.824844641742025451e-63,9.327742061196569987e-67,1.697849562206693775e-70,2.918745312925853747e-74,4.752116991032581004e-78,7.346536519787445923e-82,1.080931259386025209e-85,1.516927672963213682e-89,2.034418675731033532e-93,2.612257044563935810e-97,3.216802023096815602e-101,3.804922105855011134e-105,4.329254793430138074e-109,4.744787813126003002e-113,5.015434048555781681e-117,5.119236355204519151e-121,5.051167964485393715e-125,4.823079631315566497e-129,4.461003103864174953e-133
9.432509619134830323e-33,3.317553733902751675e-28,4.725076285278222457e-24,3.544279127242651743e-20,1.526217939655414024e-16,3.861355724754821600e-13,5.650154912265908186e-10,4.530650124604648760e-07,1.784361726852285270e-04,2.761801566097656091e-02,9.416481211011926700e-01,3.029318129900969783e-02,2.607142447933291597e-04,1.075205332158917739e-06,2.681011193314380527e-09,4.579692564595311613e-12,5.791680730522324664e-15,5.715589953780202869e-18,4.571504057188140175e-21,3.049050074661732205e-24,1.733730146762269404e-27,8.553915223174905668e-31,3.714889124846874768e-34,1.437093729848319161e-37,5.001730388180934696e-41,1.579585292206673756e-44,4.559630722941708062e-48,1.210706049957614313e-51,2.973626095565687628e-55,6.788980495638320372e-59,1.447061675551960451e-62,2.890853071173590707e-66,5.431776121370392399e-70,9.629578748775992698e-74,1.615352485455571539e-77,2.570725748866342131e-81,3.890533463665183204e-85,5.611493209201959617e-89,7.729275977465090484e-93,1.018587253707604365e-96,1.286484920962668346e-100,1.559741010106664630e-104,1.817973877866436477e-108,2.039917731710966747e-112,2.206432656640584860e-116,2.303292697085348273e-120,2.323180375968354764e-124,2.266508409009939302e-128
2.436671645007371182e-36,1.037040059583311064e-31,1.823617687725873018e-27,1.731434042503483984e-23,9.739843914073611963e-20,3.354953418276600914e-16,7.072446115364234037e-13,8.868719985365358017e-10,6.220787182016734931e-07,2.176749197551610066e-04,3.029318129900969783e-02,9.362267992050062881e-01,3.295281942629348787e-02,3.075320284175605775e-04,1.366496790529601384e-06,3.651766128503356498e-09,6.655058580433171976e-12,8.943510093936837204e-15,9.346137907120173218e-18,7.891247289700153167e-21,5.540576434390757709e-24,3.308138268358929181e-27,1.709972767029419606e-30,7.764099577619162320e-34,3.134204362561578015e-37,1.136326202240968261e-40,3.732239054492284320e-44,1.118807934341396377e-47,3.080824189045836041e-51,7.837214773111096860e-55,1.851014003918162738e-58,4.076979266145023014e-62,8.407581940773393005e-66,1.629130190545140235e-69,2.975710443654257081e-73,5.138589514063596454e-77,8.411445282703359307e-81,1.308358534781500964e-84,1.938122379231502368e-88,2.739842635315299865e-92,3.703251985474815705e-96,4.794201098678474695e-100,5.954317111034392427e-104,7.105401291991232101e-108,8.158307039864248352e-112,9.024849774372550195e-116,9.630430744022472189e-120,9.924791499212851421e-124
5.770031730555381461e-40,2.922621330354543278e-35,6.219025958506012020e-31,7.290325536928858307e-27,5.191022309769824776e-23,2.335901969598362685e-19,6.704458888468327046e-16,1.211270737287544808e-12,1.328795344410094334e-09,8.282589032611628868e-07,2.607142447933291597e-04,3.295281942629348787e-02,9.308288342736825705e-01,3.559698567704656924e-02,3.581062252059559513e-04,1.705691152769589485e-06,4.863482983452742742e-09,9.419064925435800257e-12,1.340436961727643622e-14,1.478753646255216345e-17,1.314377215150466840e-20,9.690497547244399607e-24,6.061786356172731689e-27,3.275895478664810633e-30,1.552141028797373837e-33,6.526941658054537019e-37,2.461107255026977288e-40,8.394554992660323804e-44,2.609679108750812716e-47,7.442974359616681651e-51,1.958717630900431352e-54,4.780427381402568574e-58,1.086900245426031211e-61,2.311487761460831611e-65,4.614728319275958563e-69,8.677100253630996086e-73,1.541226414107033220e-76,2.592962063031804822e-80,4.142263287030480577e-84,6.297619253377253505e-88,9.131019031267107964e-92,1.265038071059309121e-95,1.677662768614608258e-99,2.133251371428953202e-103,2.604865131996883476e-107,3.058853766600511717e-111,3.458964008458593553e-115,3.771323258062840442e-119
1.261238696639541681e-43,7.497762387503901699e-39,1.898804256164554808e-34,2.693519032052750816e-30,2.368009335735981007e-26,1.348813559459632866e-22,5.057525446857336765e-19,1.244102801919580926e-15,1.966450120232235193e-12,1.917188386563855895e-09,1.075205332158917739e-06,3.075320284175605775e-04,3.559698567704656924e-02,9.254541520781272013e-01,3.822573553720257783e-02,4.124148635159164853e-04,2.096325449526660139e-06,6.352704155844171517e-09,1.302942192553653884e-11,1.957508964601939762e-14,2.273388968539618882e-17,2.121883691441447417e-20,1.638998193370585128e-23,1.071915726353133642e-26,6.044942512274864553e-30,2.983581592839294674e-33,1.304858386868374837e-36,5.109593706560184174e-40,1.807415753466506003e-43,5.819645613587536401e-47,1.717067150399200949e-50,4.669391070977489167e-54,1.176386206262038230e-57,2.758307786459452600e-61,6.043867828074098997e-65,1.242119857271355452e-68,2.402320298826345671e-72,4.385570302207852491e-76,7.577770834585602640e-80,1.242417418260361790e-83,1.937335701313697762e-87,2.879218573420841248e-91,4.086271834901966880e-95,5.548174919446239872e-99,7.218953114201057473e-103,9.015287999063490627e-107,1.082182722810175327e-110,1.250345468622440314e-114
2.559951216708309974e-47,1.765017461698169163e-42,5.246139435157953095e-38,8.856890267065901114e-34,9.422446266412845567e-30,6.626658086627347988e-26,3.145244269111142761e-22,1.010786474393534274e-18,2.175412014736401748e-15,3.056024117883863434e-12,2.681011193314380527e-09,1.366496790529601384e-06,3.581062252059559513e-04,3.822573553720257783e-02,9.201026785746025949e-01,4.083912434472721648e-02,4.704360453035260335e-04,2.541915935032649796e-06,8.158469875417001408e-09,1.766602699637582718e-11,2.794169951366640196e-14,3.407660118613027040e-17,3.332282572712187961e-20,2.691109313013878963e-23,1.836620285722774688e-26,1.078942730642409698e-29,5.538514692301900806e-33,2.515490968038551779e-36,1.021531534253361335e-39,3.742602726298568987e-43,1.246650000380656453e-46,3.800876785535715003e-50,1.066970137749193144e-53,2.772122380708791431e-57,6.696934588732024365e-61,1.510576630208597260e-64,3.193233257906842122e-68,6.347485918685145770e-72,1.190098478118993770e-75,2.110489026955293564e-79,3.549016869957410091e-83,5.672474405830691829e-87,8.635962991046573650e-91,1.254831448216319686e-94,1.743392447604097339e-98,2.319965691973163733e-102,2.961655923744096469e-106,3.632434731582386317e-110
4.849565932889125266e-51,3.838472093087704510e-46,1.323225771990513397e-41,2.621923083063700985e-37,3.319760968549264381e-33,2.825273499581755187e-29,1.655723019311078927e-25,6.735553053632552326e-22,1.893878140473169311e-18,3.622742453199487823e-15,4.579692564595311613e-12,3.651766128503356498e-09,1.705691152769589485e-06,4.124148635159164853e-04,4.083912434472721648e-02,9.147743399043479773e-01,4.343720728993492181e-02,5.321479459432883934e-04,3.045958154279356727e-06,1.032230347637963147e-08,2.353237579116813115e-11,3.908660356058917801e-14,4.994349669190848065e-17,5.106272551787514844e-20,4.303327307817826685e-23,3.059452041741282082e-26,1.869281568430999576e-29,9.964967691762279642e-33,4.693676836352413342e-36,1.974212640691213868e-39,7.482546557851258592e-43,2.575548652754615283e-46,8.105976914216474303e-50,2.346632158098090844e-53,6.281691843108043621e-57,1.562195174292160639e-60,3.624447364894645514e-64,7.874695734381441389e-68,1.607648982354034473e-71,3.093552629811621299e-75,5.626740549665029655e-79,9.698604235365076525e-83,1.587970456505575923e-86,2.475157568567923903e-90,3.680141620650109584e-94,5.229218506069455236e-98,7.113297919239486111e-102,9.278257081938196828e-106
8.612819058794240298e-55,7.756549635265367054e-50,3.069614316007866413e-45,7.054339512224545618e-41,1.048310772753512638e-36,1.061820417015199228e-32,7.530170246094305759e-29,3.782358920486530222e-25,1.346259902490205778e-21,3.364502302138850323e-18,5.791680730522324664e-15,6.655058580433171976e-12,4.863482983452742742e-09,2.096325449526660139e-06,4.704360453035260335e-04,4.343720728993492181e-02,9.094690623931988016e-01,4.602003941580449370e-02,5.975288140482146355e-04,3.611927010037974635e-06,1.288819671642894434e-08,3.085696499873205155e-11,5.370042149872355122e-14,7.174275308986035665e-17,7.654570643022276402e-20,6.720126629486916485e-23,4.969040468025531966e-26,3.152918487139717329e-29,1.743106885629950782e-32,8.503835445876011297e-36,3.700246105955540415e-39,1.449228412339448446e-42,5.149375169379391553e-46,1.671329853818879269e-49,4.985101713092135002e-53,1.373729609274721697e-56,3.513987876889853972e-60,8.379369312300857119e-64,1.869778102081337001e-67,3.917716449581695658e-71,7.732123433361978235e-75,1.441537097580293971e-78,2.545347730177906891e-82,4.266804386149588565e-86,6.805349392951769208e-90,1.034843753389629628e-93,1.503124704678924744e-97,2.089160164953460172e-101
1.439656359616134792e-58,1.463689797741978368e-53,6.590725518730044994e-49,1.738789117889618231e-44,2.996877313256251679e-40,3.562698518825857265e-36,3.007066400692924679e-32,1.827810797361866091e-28,8.032944654900902520e-25,2.541329442057230507e-21,5.715589953780202869e-18,8.943510093936837204e-15,9.419064925435800257e-12,6.352704155844171517e-09,2.541915935032649796e-06,5.321479459432883934e-04,4.602003941580449370e-02,9.041867725512087173e-01,4.858767561829472476e-02,6.665569712902678391e-04,4.243276829722374481e-06,1.590259514227273284e-08,3.989468681773498669e-11,7.259448917768993695e-14,1.012119020207678254e-16,1.124961082588503404e-19,1.027199804574078782e-22,7.887927134883342427e-26,5.190582366229223435e-29,2.972235156065142001e-32,1.500067584937176059e-35,6.744950869963192318e-39,2.726990318397209043e-42,9.992504033483784784e-46,3.341604262744569625e-49,1.026037461081861083e-52,2.908247794284557891e-56,7.646021408177551277e-60,1.872551625516452467e-63,4.288431004905001698e-67,9.215973458871244822e-71,1.864382312068505391e-74,3.560666110048591477e-78,6.436877308958433021e-82,1.104125218246797361e-85,1.801062987193128105e-89,2.799634986811022369e-93,4.154935853780800310e-97
2.272734857567242443e-62,2.590563327342277034e-57,1.316880463099090277e-52,3.953030792833365350e-48,7.821586643561165399e-44,1.078437892084649326e-39,1.068342320127299024e-35,7.728794405099178536e-32,4.110449470521017357e-28,1.605675816393751045e-24,4.571504057188140175e-21,9.346137907120173218e-18,1.340436961727643622e-14,1.302942192553653884e-11,8.158469875417001408e-09,3.045958154279356727e-06,5.975288140482146355e-04,4.858767561829472476e-02,8.989273970722700957e-01,5.114017064665902362e-02,7.392108122211575377e-04,4.943441432096482473e-06,1.941438350155047312e-08,5.092821513314544305e-11,9.671401582010915157e-14,1.404721745047233399e-16,1.623917300047401857e-19,1.539923780161086808e-22,1.226376797370439230e-25,8.358643640133849542e-29,4.951559307981955668e-32,2.582400862960959999e-35,1.198648013058866090e-38,4.997706278577472684e-42,1.886841944611964632e-45,6.495512221211818697e-49,2.051461082721040174e-52,5.976366110783297015e-56,1.613723221604073879e-59,4.056147073283202521e-63,9.527491835988646798e-67,2.098696855371814364e-70,4.349236450637504559e-74,8.504176394604282212e-78,1.573127698779220512e-81,2.759752776682569596e-85,4.601814512513833347e-89,7.308773180042325695e-93
3.399050444422950839e-66,4.316904686796186601e-61,2.460258185923280104e-56,8.337454925179828343e-52,1.877022710339355787e-47,2.971076870950430633e-43,3.413667056933894717e-39,2.898518621396216048e-35,1.834719329489430397e-31,8.673132031343670950e-28,3.049050074661732205e-24,7.891247289700153167e-21,1.478753646255216345e-17,1.957508964601939762e-14,1.766602699637582718e-11,1.032230347637963147e-08,3.611927010037974635e-06,6.665569712902678391e-04,5.114017064665902362e-02,8.936908628337373317e-01,5.367757910375974689e-02,8.154688040934846872e-04,5.715834193826083520e-06,2.347487120104757336e-08,6.426938342083029572e-11,1.271518938060365651e-13,1.920884514882782361e-16,2.306214137553601613e-19,2.268071221346385179e-22,1.870870926967847344e-25,1.319160657020179269e-28,8.075327491622549697e-32,4.347540897591223669e-35,2.081073469932565591e-38,8.940086907832187360e-42,3.474599413592584370e-45,1.230340022328189518e-48,3.993755506595886304e-52,1.194933556469903161e-55,3.311482782312120830e-59,8.537050995422714393e-63,2.055424421742592637e-66,4.638126031922581288e-70,9.840771171503352852e-74,1.968957732387968760e-77,3.725044503827064175e-81,6.680150552490381739e-85,1.138120504069265249e-88
4.829365242936409578e-70,6.796169279979810730e-65,4.315613520850207395e-60,1.639654299810925156e-55,4.167333911749725409e-51,7.505424095966295906e-47,9.899837435452300073e-43,9.749375236865779464e-39,7.243128699231809183e-35,4.075223074791319931e-31,1.733730146762269404e-27,5.540576434390757709e-24,1.314377215150466840e-20,2.273388968539618882e-17,2.794169951366640196e-14,2.353237579116813115e-11,1.288819671642894434e-08,4.243276829722374481e-06,7.392108122211575377e-04,5.367757910375974689e-02,8.884770968960494786e-01,5.619995544638172608e-02,8.953094866822395963e-04,6.563848115875305101e-06,2.813777781109888997e-08,8.026055440617540679e-11,1.651631570985707635e-13,2.591350836153832077e-16,3.226660076180719027e-19,3.286833584695129482e-22,2.804856095006673205e-25,2.043730429360743523e-28,1.291487447848482919e-31,7.170530023200289445e-35,3.536484314654095786e-38,1.563959432718295647e-41,6.252187910384663300e-45,2.275410335577861576e-48,7.585865581210333437e-52,2.329458270767473254e-55,6.621173114765891131e-59,1.749643338151845370e-62,4.315324686930943993e-66,9.969609535933125603e-70,2.164477487166561341e-73,4.429186513727599380e-77,8.565798941894407796e-81,1.569516743456613058e-84
6.534813466858067419e-74,1.013892257420342243e-68,7.133950117238855636e-64,3.020025912002876809e-59,8.605467332990320411e-55,1.749695141802987065e-50,2.625965394465724964e-46,2.968826003461949640e-42,2.558172114476683220e-38,1.689324508760255217e-34,8.553915223174905668e-31,3.308138268358929181e-27,9.690497547244399607e-24,2.121883691441447417e-20,3.407660118613027040e-17,3.908660356058917801e-14,3.085696499873205155e-11,1.590259514227273284e-08,4.943441432096482473e-06,8.154688040934846872e-04,5.619995544638172608e-02,8.832860265023533275e-01,5.870735398554562112e-02,9.787114721066527637e-04,7.490855889748109776e-06,3.345921861607711108e-08,9.927598150255265563e-11,2.121800844147968930e-13,3.452678419420855022e-16,4.453048853951458998e-19,4.692807018637329432e-22,4.138362002509730055e-25,3.112780619450606422e-28,2.028592869659015496e-31,1.160471600411456423e-34,5.891907037551880733e-38,2.680120882613506599e-41,1.101207664626671023e-44,4.116109063375547916e-48,1.408382181498288110e-51,4.435802457350822526e-55,1.292355365231958022e-58,3.498382673003046295e-62,8.833957566176621438e-66,2.088375907881620028e-69,4.637111627865588703e-73,9.699906834175562936e-77,1.916703843796264290e-80
8.440592866082801122e-78,1.437287600607427662e-72,1.114979675043898708e-67,5.230076905471698909e-63,1.660517442598046714e-58,3.785210188069235354e-54,6.413404179717066875e-50,8.250102699142611517e-46,8.161178270526015196e-42,6.250771112529340045e-38,3.714889124846874768e-34,1.709972767029419606e-30,6.061786356172731689e-27,1.638998193370585128e-23,3.332282572712187961e-20,4.994349669190848065e-17,5.370042149872355122e-14,3.989468681773498669e-11,1.941438350155047312e-08,5.715834193826083520e-06,8.953094866822395963e-04,5.870735398554562112e-02,8.781175790781275969e-01,6.119982888682013594e-02,1.065653444652388216e-03,8.500209963575031382e-06,3.949769021086176609e-08,1.217231620553983250e-10,2.698279432583017071e-13,4.548022597374859267e-16,6.068502930884193095e-19,6.608832137652174565e-22,6.016324669500531665e-25,4.666959027769070318e-28,3.133727204629699230e-31,1.845455229037099159e-34,9.637648970021740054e-38,4.505874767012931216e-41,1.901450017484399377e-44,7.294434752930000839e-48,2.559928869036556720e-51,8.264373525260491450e-55,2.466556137495502471e-58,6.835981482776105564e-62,1.766354927007416814e-65,4.270666420485273018e-69,9.693574661697530937e-73,2.071799847848651791e-76
1.042815684115017122e-81,1.940856693616967171e-76,1.652453782199785882e-71,8.545864258357111779e-67,3.006439712278344989e-62,7.636095580987280267e-58,1.450539128226888374e-53,2.106556923906088315e-49,2.371062039692924209e-45,2.084844242642238144e-41,1.437093729848319161e-37,7.764099577619162320e-34,3.275895478664810633e-30,1.071915726353133642e-26,2.691109313013878963e-23,5.106272551787514844e-20,7.174275308986035665e-17,7.259448917768993695e-14,5.092821513314544305e-11,2.347487120104757336e-08,6.563848115875305101e-06,9.787114721066527637e-04,6.119982888682013594e-02,8.729716822308087876e-01,6.367743417063427558e-02,1.156114160594095283e-03,9.595242608045486969e-06,4.631405614318557117e-08,1.480441824176114482e-10,3.399413709415538890e-13,5.927986239408409737e-16,8.174118841624248558e-19,9.189669019128426813e-22,8.627656648373414075e-25,6.895714632686745531e-28,4.766630089540234400e-31,2.887365808856097335e-34,1.549816885549243860e-37,7.441844092990756225e-41,3.223119858478533912e-44,1.268196768709045353e-47,4.561986370758993731e-51,1.508717597885736397e-54,4.610139505155071476e-58,1.307415131517203176e-61,3.455057829942246446e-65,8.539310164671384181e-69,1.980410586780521091e-72
1.234692330990346660e-85,2.502165024642141707e-80,2.328452572898321758e-75,1.321621545273706585e-70,5.126130971888995730e-66,1.442681011648562201e-61,3.053524636914587121e-57,4.971706829222467026e-53,6.317558110290732950e-49,6.320586250206705309e-45,5.001730388180934696e-41,3.134204362561578015e-37,1.552141028797373837e-33,6.044942512274864553e-30,1.836620285722774688e-26,4.303327307817826685e-23,7.654570643022276402e-20,1.012119020207678254e-16,9.671401582010915157e-14,6.426938342083029572e-11,2.813777781109888997e-08,7.490855889748109776e-06,1.065653444652388216e-03,6.367743417063427558e-02,8.678482637494161489e-01,6.614022371258865274e-02,1.250072448018299835e-03,1.077926598218596600e-05,5.397153260175341284e-08,1.787170548819240426e-10,4.245813887384632420e-13,7.651538732769337343e-16,1.089193896778473256e-18,1.262861048385460064e-21,1.221619646162934667e-24,1.005148643839941732e-27,7.146818620377097465e-31,4.449548248765657387e-34,2.452946846476028932e-37,1.208870057257662402e-40,5.370070352721368765e-44,2.165818700081005699e-47,7.981087935569946228e-51,2.702350847142370375e-54,8.449634928185889145e-58,2.450770067068608908e-61,6.620557767875211215e-65,1.671885558398865650e-68
1.403399055471730021e-89,3.086029167827071828e-84,3.126965681156749988e-79,1.939897710566447849e-74,8.258000944244505162e-70,2.562371877865606298e-65,6.009462813100982302e-61,1.090218324237004330e-56,1.553167853150022558e-52,1.754290593196399007e-48,1.579585292206673756e-44,1.136326202240968261e-40,6.526941658054537019e-37,2.983581592839294674e-33,1.078942730642409698e-29,3.059452041741282082e-26,6.720126629486916485e-23,1.124961082588503404e-19,1.404721745047233399e-16,1.271518938060365651e-13,8.026055440617540679e-11,3.345921861607711108e-08,8.500209963575031382e-06,1.156114160594095283e-03,6.614022371258865274e-02,8.627472516041778672e-01,6.858825124376626003e-02,1.347507206646656125e-03,1.205557219898426539e-05,6.253567415003159115e-08,2.142570464958381213e-10,5.260530453194380946e-13,9.787006584688955178e-16,1.436827516940428167e-18,1.716514475306792303e-21,1.709383545366922038e-24,1.446728333887982951e-27,1.057266626863437890e-30,6.760567209076003130e-34,3.825146986225646675e-37,1.933504956054488078e-40,8.803970767903018161e-44,3.637426459440824170e-47,1.372336472045501214e-50,4.754785865008823156e-54,1.520522646351758886e-57,4.508251937576507858e-61,1.244357290436276915e-64
1.533805426246728106e-93,3.648040008989413056e-88,4.010925963991695514e-83,2.709395219585739016e-78,1.260621955477955317e-73,4.293051240252876573e-69,1.110060663063303711e-64,2.231451938160424723e-60,3.542149748853612687e-56,4.485512699680146711e-52,4.559630722941708062e-48,3.732239054492284320e-44,2.461107255026977288e-40,1.304858386868374837e-36,5.538514692301900806e-33,1.869281568430999576e-29,4.969040468025531966e-26,1.027199804574078782e-22,1.623917300047401857e-19,1.920884514882782361e-16,1.651631570985707635e-13,9.927598150255265563e-11,3.949769021086176609e-08,9.595242608045486969e-06,1.250072448018299835e-03,6.858825124376626003e-02,8.576685739461573643e-01,7.102157035104314509e-02,1.448397407659529970e-03,1.342743339086024642e-05,7.207435950560289250e-08,2.552179997846688672e-10,6.469236856332346487e-13,1.241313818429556173e-15,1.877741061667383618e-18,2.309378689166705754e-21,2.365615417757013295e-24,2.057830327734440384e-27,1.544560120452814872e-30,1.013673323679987804e-33,5.882611421978791006e-37,3.047905398246966219e-40,1.421704380038671305e-43,6.013844146467026359e-47,2.321720819756084885e-50,8.227098370406799351e-54,2.689427356437974017e-57,8.147426945001574632e-61
1.614243118353697040e-97,4.140403005452532424e-92,4.923777570539063516e-87,3.609012791811287250e-82,1.828408723477721993e-77,6.805676562109292645e-73,1.931374021413333846e-68,4.280503854291508568e-64,7.529010292787284164e-60,1.062327075902813132e-55,1.210706049957614313e-51,1.118807934341396377e-47,8.394554992660323804e-44,5.109593706560184174e-40,2.515490968038551779e-36,9.964967691762279642e-33,3.152918487139717329e-29,7.887927134883342427e-26,1.539923780161086808e-22,2.306214137553601613e-19,2.591350836153832077e-16,2.121800844147968930e-13,1.217231620553983250e-10,4.631405614318557117e-08,1.077926598218596600e-05,1.347507206646656125e-03,7.102157035104314509e-02,8.526121591068820393e-01,7.344023447739743415e-02,1.552722093519943395e-03,1.489810177498321510e-05,8.265777736498539495e-08,3.021936454081737948e-10,7.900418414118287858e-13,1.562024524759110537e-15,2.432570705930972019e-18,3.077420704682655018e-21,3.240093681264874092e-24,2.894833517288990387e-27,2.230055658381764034e-30,1.501128485352487808e-33,8.929469183720099181e-37,4.739501799571569681e-40,2.263438811817097983e-43,9.797243894612486366e-47,3.868377123452710978e-50,1.401255461170024833e-53,4.680328679565844132e-57
1.638224249661436696e-101,4.518963372362268367e-96,5.795344156314929735e-91,4.594521269209384028e-86,2.525734679281755785e-81,1.023666433566490437e-76,3.175197653402490358e-72,7.723500443282535777e-68,1.497770910123340656e-63,2.341693165122126898e-59,2.973626095565687628e-55,3.080824189045836041e-51,2.609679108750812716e-47,1.807415753466506003e-43,1.021531534253361335e-39,4.693676836352413342e-36,1.743106885629950782e-32,5.190582366229223435e-29,1.226376797370439230e-25,2.268071221346385179e-22,3.226660076180719027e-19,3.452678419420855022e-16,2.698279432583017071e-13,1.480441824176114482e-10,5.397153260175341284e-08,1.205557219898426539e-05,1.448397407659529970e-03,7.344023447739743415e-02,8.475779355979704555e-01,7.584429692221934804e-02,1.660460377797858640e-03,1.647080971843637763e-05,9.435841227381089372e-08,3.558189067761976399e-10,9.585567394864855924e-13,1.951142345328382245e-15,3.125614566167167127e-18,4.064279237210275363e-21,4.394997100704724362e-24,4.030179232658181669e-27,3.184400632943720261e-30,2.197188466510734688e-33,1.338912784300385700e-36,7.275934793217618681e-40,3.555643151062909480e-43,1.574059842591797130e-46,6.353289810978258347e-50,2.351438932540802352e-53
1.605231931846626098e-105,4.749919335111913487e-100,6.551166984652950847e-95,5.600986878632025882e-90,3.330299840515022736e-85,1.464593108750423403e-80,4.946549518196279520e-76,1.315113998991474531e-71,2.799045673141534744e-67,4.824844641742025451e-63,6.788980495638320372e-59,7.837214773111096860e-55,7.442974359616681651e-51,5.819645613587536401e-47,3.742602726298568987e-43,1.974212640691213868e-39,8.503835445876011297e-36,2.972235156065142001e-32,8.358643640133849542e-29,1.870870926967847344e-25,3.286833584695129482e-22,4.453048853951458998e-19,4.548022597374859267e-16,3.399413709415538890e-13,1.787170548819240426e-10,6.253567415003159115e-08,1.342743339086024642e-05,1.552722093519943395e-03,7.584429692221934804e-02,8.425658321107614146e-01,7.823381084161934451e-02,1.771591444994812361e-03,1.814876980322847574e-05,1.072510305422612962e-07,4.167711966486993263e-10,1.155938424115069134e-12,2.420385476183280607e-15,3.985333041695935672e-18,5.322578868745791320e-21,5.907458204097678011e-24,5.556234198078141799e-27,4.500114837323670000e-30,3.180842898324311492e-33,1.984532111301314631e-36,1.103542736969487128e-39,5.515532488167588968e-43,2.495996139453478766e-46,1.029363075288333802e-49
1.520473913772280475e-109,4.814783554397349439e-104,7.123482788406448027e-99,6.549837344646965496e-94,4.199855987434274267e-89,1.997743150227914974e-84,7.321300888800782162e-80,2.119447805439667993e-75,4.930458932933954024e-71,9.327742061196569987e-67,1.447061675551960451e-62,1.851014003918162738e-58,1.958717630900431352e-54,1.717067150399200949e-50,1.246650000380656453e-46,7.482546557851258592e-43,3.700246105955540415e-39,1.500067584937176059e-35,4.951559307981955668e-32,1.319160657020179269e-28,2.804856095006673205e-25,4.692807018637329432e-22,6.068502930884193095e-19,5.927986239408409737e-16,4.245813887384632420e-13,2.142570464958381213e-10,7.207435950560289250e-08,1.489810177498321510e-05,1.660460377797858640e-03,7.823381084161934451e-02,8.375757775159435869e-01,8.060882924873628841e-02,1.886094550368887018e-03,1.993517489115303749e-05,1.214126662056599795e-07,4.857717057454740012e-10,1.385998489532535929e-12,2.983019389467114022e-15,5.044898403358739731e-18,6.915417736372474499e-21,7.872539438954644877e-24,7.589922308068141517e-27,6.297405591954928379e-30,4.557356839483284357e-33,2.909544037455993407e-36,1.654726012549115922e-39,8.454322018083047097e-43,3.909159111363258822e-46
1.393733431567416804e-113,4.712605057570783410e-108,7.461500799075416376e-103,7.359489737965052055e-98,5.075093676637886005e-93,2.603362639176619244e-88,1.031941686418906475e-83,3.241553353634836924e-79,8.210915493693707357e-75,1.697849562206693775e-70,2.890853071173590707e-66,4.076979266145023014e-62,4.780427381402568574e-58,4.669391070977489167e-54,3.800876785535715003e-50,2.575548652754615283e-46,1.449228412339448446e-42,6.744950869963192318e-39,2.582400862960959999e-35,8.075327491622549697e-32,2.043730429360743523e-28,4.138362002509730055e-25,6.608832137652174565e-22,8.174118841624248558e-19,7.651538732769337343e-16,5.260530453194380946e-13,2.552179997846688672e-10,8.265777736498539495e-08,1.647080971843637763e-05,1.771591444994812361e-03,8.060882924873628841e-02,8.326077008631851406e-01,8.296940501404506674e-02,2.003949019760034849e-03,2.183319818849547385e-05,1.369226070301143159e-07,5.635866833908326487e-10,1.652911418948365911e-12,3.654004143523300365e-15,6.342796706115084971e-18,8.918045263416400373e-21,1.040668607077266390e-23,1.027824837889394280e-26,8.731290892264833959e-30,6.465879840664654344e-33,4.221931040271841109e-36,2.454527536511640976e-39,1.281355714808578197e-42
1.237633844801773918e-117,4.459154930523620252e-112,7.538785821400468571e-107,7.957426509138175030e-102,5.886438031364743343e-97,3.247400714672118056e-92,1.388167829036255380e-87,4.716416580356173185e-83,1.296326591192240144e-78,2.918745312925853747e-74,5.431776121370392399e-70,8.407581940773393005e-66,1.086900245426031211e-61,1.176386206262038230e-57,1.066970137749193144e-53,8.105976914216474303e-50,5.149375169379391553e-46,2.726990318397209043e-42,1.198648013058866090e-38,4.347540897591223669e-35,1.291487447848482919e-31,3.112780619450606422e-28,6.016324669500531665e-25,9.189669019128426813e-22,1.089193896778473256e-18,9.787006584688955178e-16,6.469236856332346487e-13,3.021936454081737948e-10,9.435841227381089372e-08,1.814876980322847574e-05,1.886094550368887018e-03,8.296940501404506674e-02,8.276615313807650365e-01,8.531559086566346817e-02,2.125134249415744879e-03,2.384599331058826833e-05,1.538623805631103955e-07,6.510287102184314306e-10,1.961236526226551980e-12,4.450150599811611174e-15,7.923485189227127431e-18,1.141974745242178936e-20,1.365171480418910319e-23,1.380485226661488041e-26,1.200027456796335082e-29,9.088951261641941975e-33,6.066725813804052597e-36,3.603806492483892064e-39
