9.980231622847763884e-01,1.974882482730065843e-03,1.953943038589116174e-06,1.288817075256391455e-09,6.375759505271330431e-13,2.523263234138693968e-16,8.321697913652604960e-20,2.352418268618796527e-23,5.818689643577419821e-27,1.279332170923991981e-30,2.531535128069399496e-34,4.553988294761290251e-38,7.509504830606661330e-42,1.143058837508545306e-45,1.615627315099819521e-49,2.131329347712014596e-53,2.635913895079973900e-57,3.068194839380974929e-61,3.372959038136424182e-65,3.512837846859807223e-69,3.475591644863602543e-73,3.274990818969905607e-77,2.945696800662917468e-81,2.534316458907494854e-85,2.089537835697202772e-89,1.653906171585471363e-93,1.258746154696840838e-97,9.225183843628326586e-102,6.519550225896421781e-106,4.448568420729986097e-110,2.934267185814728324e-114,1.873003548221050321e-118,1.158215196442988805e-122,6.945059263228498896e-127,4.042012720978166048e-131,2.285231851836131347e-135,1.256112116798138454e-139,6.717803834496009046e-144,3.498197768010225070e-148,1.774926560527837103e-152,8.780536126271169985e-157,4.237774217450792006e-161,1.996591238721800399e-165,9.188007531266745346e-170,4.132085536324060452e-174,1.817010455425831087e-178,7.816282215733091271e-183,3.290811533955256617e-187,1.356633104397805629e-191,5.478566877152486153e-196,2.168191313593252611e-200,8.412557799623724230e-205,3.201292480603711837e-209,1.195226247955324926e-213,4.379827430246863313e-218,1.575777687559059928e-222,5.568106800377662437e-227,1.933006605631263078e-231,6.594866091158412135e-236,2.211844579714077753e-240,7.294642182115966128e-245,2.366327199484770140e-249,7.552378430828419686e-254,2.372159193759377579e-258,7.334398349654933901e-263,2.232810029553940476e-267,6.694350940311809249e-272,1.977125830830926488e-276,5.753419413931789969e-281,1.649975823767046627e-285,4.664232360851570325e-290,1.299937481614110978e-294,3.572651108515682509e-299,9.684303324981467351e-304,2.589627515767283316e-308,6.832453341714108976e-313,1.778950056713596751e-317,4.594810506323592861e-322,0.000000000000000000e+00,0.000000000000000000e+00,0.000000000000000000e+00,0.000000000000000000e+00,0.000000000000000000e+00,0.000000000000000000e+00,0.000000000000000000e+00,0.000000000000000000e+00,0.000000000000000000e+00,0.000000000000000000e+00,0.000000000000000000e+00,0.000000000000000000e+00,0.000000000000000000e+00,0.000000000000000000e+00,0.000000000000000000e+00,0.000000000000000000e+00,0.000000000000000000e+00,0.000000000000000000e+00,0.000000000000000000e+00,0.000000000000000000e+00,0.000000000000000000e+00,0.000000000000000000e+00,0.000000000000000000e+00,0.000000000000000000e+00,0.000000000000000000e+00,0.000000000000000000e+00,0.000000000000000000e+00,0.000000000000000000e+00,0.000000000000000000e+00,0.000000000000000000e+00,0.000000000000000000e+00,0.000000000000000000e+00,0.000000000000000000e+00,0.000000000000000000e+00,0.000000000000000000e+00,0.000000000000000000e+00,0.000000000000000000e+00,0.000000000000000000e+00,0.000000000000000000e+00,0.000000000000000000e+00,0.000000000000000000e+00,0.000000000000000000e+00,0.000000000000000000e+00,0.000000000000000000e+00,0.000000000000000000e+00,0.000000000000000000e+00,0.000000000000000000e+00,0.000000000000000000e+00,0.000000000000000000e+00,0.000000000000000000e+00
1.974882482730065843e-03,9.940773052053935022e-01,3.941953059757001207e-03,5.854098763619610798e-06,5.150168955052965831e-09,3.185356988703400316e-12,1.512959501402857308e-15,5.821895619475929890e-19,1.881003739691960253e-22,5.234518134465525637e-26,1.278825913992249223e-29,2.783686853565549169e-33,5.462983821151849392e-37,9.759384552998958990e-41,1.599830028833675171e-44,2.422801616020038456e-48,3.409283516052110083e-52,4.480010496103826015e-56,5.521536512375945908e-60,6.407287363589229657e-64,7.024285525836477622e-68,7.297367022874926502e-72,7.203683753430777903e-76,6.773936906102517989e-80,6.081356564564506366e-84,5.223017668884613668e-88,4.299501523029778499e-92,3.398116476008654375e-96,2.582686394304130369e-100,1.890411557344361930e-104,1.334394475994157063e-108,9.095067050888647521e-113,5.992870119500330280e-117,3.821651788093332102e-121,2.361045300630975409e-125,1.414544490634733675e-129,8.225930290741858002e-134,4.647117727962509531e-138,2.552499601000328501e-142,1.364158688764481121e-146,7.099003816596118840e-151,3.599672322671032845e-155,1.779697461616124019e-159,8.584552176037229313e-164,4.042359698406721388e-168,1.859274964000329064e-172,8.357529012461789902e-177,3.673343311622202058e-181,1.579459302204999035e-185,6.646965322836243271e-190,2.739066623735287943e-194,1.105691763507675307e-198,4.374197127721053374e-203,1.696558323102791259e-207,6.453748726263069321e-212,2.408731754208283222e-216,8.823731433387230769e-221,3.173600517287249030e-225,1.121067332124463232e-229,3.890710000499843001e-234,1.327019213565721618e-238,4.449443043854876625e-243,1.467029215682476171e-247,4.757699524057507871e-252,1.518088005158452803e-256,4.767068666390137238e-261,1.473566255397863234e-265,4.484950199059907399e-270,1.344367319599483536e-274,3.969631702214217691e-279,1.154917778306836204e-283,3.311420387654533647e-288,9.359035412931511415e-293,2.607893920304227726e-297,7.166001200738290380e-302,1.942118151377339253e-306,5.192394142825683592e-311,1.369721025679838577e-315,3.565671766036276309e-320,0.000000000000000000e+00,0.000000000000000000e+00,0.000000000000000000e+00,0.000000000000000000e+00,0.000000000000000000e+00,0.000000000000000000e+00,0.000000000000000000e+00,0.000000000000000000e+00,0.000000000000000000e+00,0.000000000000000000e+00,0.000000000000000000e+00,0.000000000000000000e+00,0.000000000000000000e+00,0.000000000000000000e+00,0.000000000000000000e+00,0.000000000000000000e+00,0.000000000000000000e+00,0.000000000000000000e+00,0.000000000000000000e+00,0.000000000000000000e+00,0.000000000000000000e+00,0.000000000000000000e+00,0.000000000000000000e+00,0.000000000000000000e+00,0.000000000000000000e+00,0.000000000000000000e+00,0.000000000000000000e+00,0.000000000000000000e+00,0.000000000000000000e+00,0.000000000000000000e+00,0.000000000000000000e+00,0.000000000000000000e+00,0.000000000000000000e+00,0.000000000000000000e+00,0.000000000000000000e+00,0.000000000000000000e+00,0.000000000000000000e+00,0.000000000000000000e+00,0.000000000000000000e+00,0.000000000000000000e+00,0.000000000000000000e+00,0.000000000000000000e+00,0.000000000000000000e+00,0.000000000000000000e+00,0.000000000000000000e+00,0.000000000000000000e+00,0.000000000000000000e+00,0.000000000000000000e+00,0.000000000000000000e+00
1.953943038589116174e-06,3.941953059757001207e-03,9.901431563222626853e-01,5.901231048037632737e-03,1.169275466497856019e-05,1.286268537239294441e-08,9.548508164658159275e-12,5.291865858177720756e-15,2.327441777816557929e-18,8.460329847122547485e-22,2.616108275747179261e-25,7.030759165605841944e-29,1.669611246979526692e-32,3.549768469018916360e-36,6.829489588964098099e-40,1.199533356566715304e-43,1.937729938236916737e-47,2.897174236505335527e-51,4.031070845986923259e-55,5.244306445098912424e-59,6.405952825787895772e-63,7.374040407800500421e-67,8.025591029327189532e-71,8.282746123175617722e-75,8.127325640496414659e-79,7.600442237275926625e-83,6.788848139980872077e-87,5.803443581917919903e-91,4.756665768464026901e-95,3.744365976498607154e-99,2.835230375701185169e-103,2.068038595358643820e-107,1.455024955468413298e-111,9.887012808706402412e-116,6.496028919543777761e-120,4.131348345772636640e-124,2.545892184173232353e-128,1.521629812395426396e-132,8.828579284860002410e-137,4.976855855838042323e-141,2.728040523755052652e-145,1.455151799244543757e-149,7.558582220096712903e-154,3.825989000171869113e-158,1.888427661442462444e-162,9.094491259644196493e-167,4.275956337023641320e-171,1.963850347925242509e-175,8.815281618299528623e-180,3.869356242911678469e-184,1.661607119262926818e-188,6.984067056011940360e-193,2.874575505560719984e-197,1.159074019555192392e-201,4.580365430316866239e-206,1.774650830677472278e-210,6.743963615596328318e-215,2.514585740136522302e-219,9.202802503228006643e-224,3.306922972567089139e-228,1.167134707373067904e-232,4.047141639339425896e-237,1.379237856311152145e-241,4.620847056886002671e-246,1.522368209703008047e-250,4.933480929231975325e-255,1.573036879604268179e-259,4.936150953439565161e-264,1.524792996439190006e-268,4.637797321703855904e-273,1.389291407623594779e-277,4.099726316930736727e-282,1.192044891355903025e-286,3.415860160008676812e-291,9.648684394319641424e-296,2.687106735506424792e-300,7.379659550945715630e-305,1.998967647580276768e-309,5.341637447871976469e-314,1.408383530035057399e-318,3.458459520888725809e-323,0.000000000000000000e+00,0.000000000000000000e+00,0.000000000000000000e+00,0.000000000000000000e+00,0.000000000000000000e+00,0.000000000000000000e+00,0.000000000000000000e+00,0.000000000000000000e+00,0.000000000000000000e+00,0.000000000000000000e+00,0.000000000000000000e+00,0.000000000000000000e+00,0.000000000000000000e+00,0.000000000000000000e+00,0.000000000000000000e+00,0.000000000000000000e+00,0.000000000000000000e+00,0.000000000000000000e+00,0.000000000000000000e+00,0.000000000000000000e+00,0.000000000000000000e+00,0.000000000000000000e+00,0.000000000000000000e+00,0.000000000000000000e+00,0.000000000000000000e+00,0.000000000000000000e+00,0.000000000000000000e+00,0.000000000000000000e+00,0.000000000000000000e+00,0.000000000000000000e+00,0.000000000000000000e+00,0.000000000000000000e+00,0.000000000000000000e+00,0.000000000000000000e+00,0.000000000000000000e+00,0.000000000000000000e+00,0.000000000000000000e+00,0.000000000000000000e+00,0.000000000000000000e+00,0.000000000000000000e+00,0.000000000000000000e+00,0.000000000000000000e+00,0.000000000000000000e+00,0.000000000000000000e+00,0.000000000000000000e+00,0.000000000000000000e+00,0.000000000000000000e+00
1.288817075256391455e-09,5.854098763619610798e-06,5.901231048037632737e-03,9.862206898972819547e-01,7.852735728859859196e-03,1.946221604433115172e-05,2.569991939539413853e-08,2.226221864972682891e-11,1.410233493406135613e-14,6.978378016660318352e-18,2.818714940562779376e-21,9.588179204860216664e-25,2.811190742258994494e-28,7.232379218903930527e-32,1.656012318618491032e-35,3.413705300636753314e-39,6.395702848980482509e-43,1.097757271465026597e-46,1.737874593858800875e-50,2.552417223340474149e-54,3.495435633543513321e-58,4.483232991301049101e-62,5.406559616603930556e-66,6.151793602593941853e-70,6.625004953711479478e-74,6.771606024425781746e-78,6.585963775214428938e-82,6.108996129554807441e-86,5.415722890413552332e-90,4.597436285199065762e-94,3.743836754775915538e-98,2.929338249555755075e-102,2.205616840893888582e-106,1.600323126753896290e-110,1.120389541173941506e-114,7.577791539954741054e-119,4.957040964744017259e-123,3.139578658009314047e-127,1.927185882917599982e-131,1.147592548215649373e-135,6.635116724024450576e-140,3.727943720222118925e-144,2.037010962221877737e-148,1.083292210611828247e-152,5.610921787454995887e-157,2.832380789958319768e-161,1.394363234830683688e-165,6.698409120312620551e-170,3.141890227686845493e-174,1.439708093924893052e-178,6.448395369095951678e-183,2.824503961531705413e-187,1.210475805903331867e-191,5.078022649557305023e-196,2.086174452446986958e-200,8.396709591526752769e-205,3.312438772679618556e-209,1.281260887263257752e-213,4.861188866133297940e-218,1.809758831560226668e-222,6.613394661267668345e-227,2.373014720268215158e-231,8.363541035852955735e-236,2.896211587050987809e-240,9.857177819842551227e-245,3.298257251614992630e-249,1.085298689292262929e-253,3.512901801361424170e-258,1.118793792953588844e-262,3.506816740102134600e-267,1.082089728156586718e-271,3.287801080157294902e-276,9.838786881323485872e-281,2.900480887296727049e-285,8.425325264550130784e-290,2.412040327920334737e-294,6.806973005205652053e-299,1.894012671081601129e-303,5.197045244451049724e-308,1.406558898569916191e-312,3.755501668481400057e-317,9.881312916824930884e-322,0.000000000000000000e+00,0.000000000000000000e+00,0.000000000000000000e+00,0.000000000000000000e+00,0.000000000000000000e+00,0.000000000000000000e+00,0.000000000000000000e+00,0.000000000000000000e+00,0.000000000000000000e+00,0.000000000000000000e+00,0.000000000000000000e+00,0.000000000000000000e+00,0.000000000000000000e+00,0.000000000000000000e+00,0.000000000000000000e+00,0.000000000000000000e+00,0.000000000000000000e+00,0.000000000000000000e+00,0.000000000000000000e+00,0.000000000000000000e+00,0.000000000000000000e+00,0.000000000000000000e+00,0.000000000000000000e+00,0.000000000000000000e+00,0.000000000000000000e+00,0.000000000000000000e+00,0.000000000000000000e+00,0.000000000000000000e+00,0.000000000000000000e+00,0.000000000000000000e+00,0.000000000000000000e+00,0.000000000000000000e+00,0.000000000000000000e+00,0.000000000000000000e+00,0.000000000000000000e+00,0.000000000000000000e+00,0.000000000000000000e+00,0.000000000000000000e+00,0.000000000000000000e+00,0.000000000000000000e+00,0.000000000000000000e+00,0.000000000000000000e+00,0.000000000000000000e+00,0.000000000000000000e+00,0.000000000000000000e+00,0.000000000000000000e+00
6.375759505271330431e-13,5.150168955052965831e-09,1.169275466497856019e-05,7.852735728859859196e-03,9.823098802369087945e-01,9.796486347895554461e-03,2.915480598490515174e-05,4.493035874041076352e-08,4.448919541788771660e-11,3.170932487985067791e-14,1.743608197989999239e-17,7.747631605492229326e-21,2.875188948154288968e-24,9.132754275713327185e-28,2.530422042732966410e-31,6.207998218470575872e-35,1.365066444770904439e-38,2.717405356758154187e-42,4.938604433863739228e-46,8.252862557889188130e-50,1.275911522697912398e-53,1.834700245824151070e-57,2.465264556822892751e-61,3.108156639315825240e-65,3.690380577749213694e-69,4.139883261645720846e-73,4.400786570769168051e-77,4.444792506208996614e-81,4.275620358301727679e-85,3.925801456630697733e-89,3.447571818427131406e-93,2.901063395086228637e-97,2.343150798296213187e-101,1.819393854717604539e-105,1.360101003943777070e-109,9.802196082929112528e-114,6.819194503050244523e-118,4.584729182210496564e-122,2.982262478702149584e-126,1.878799675783771533e-130,1.147469802356936337e-134,6.800286354097698964e-139,3.913943700684293137e-143,2.189570132089716126e-147,1.191506410948634091e-151,6.311692226887948538e-156,3.256938128195141453e-160,1.638229439680946053e-164,8.037384036644231730e-169,3.848484404086260328e-173,1.799483583703721424e-177,8.221026230330380352e-182,3.671558590125593077e-186,1.603753495063318472e-190,6.854798613928110000e-195,2.868271562289331033e-199,1.175451565007008593e-203,4.719879317658760843e-208,1.857694606500397691e-212,7.169746854969064707e-217,2.714449769202586725e-221,1.008473869709745547e-225,3.677926096506366526e-230,1.317170828372911578e-234,4.633637900706324373e-239,1.601689151536656598e-243,5.441782601949925279e-248,1.817762893605144145e-252,5.971569460369533214e-257,1.929803569782695308e-261,6.136566800945233292e-266,1.920597484009121671e-270,5.917702511420161455e-275,1.795477090566603676e-279,5.365590546967390980e-284,1.579661654942654575e-288,4.582628172174385035e-293,1.310272226045182777e-297,3.693129822186402155e-302,1.026362987290979512e-306,2.812973212329032042e-311,7.604504963998868517e-316,2.028139476178317064e-320,0.000000000000000000e+00,0.000000000000000000e+00,0.000000000000000000e+00,0.000000000000000000e+00,0.000000000000000000e+00,0.000000000000000000e+00,0.000000000000000000e+00,0.000000000000000000e+00,0.000000000000000000e+00,0.000000000000000000e+00,0.000000000000000000e+00,0.000000000000000000e+00,0.000000000000000000e+00,0.000000000000000000e+00,0.000000000000000000e+00,0.000000000000000000e+00,0.000000000000000000e+00,0.000000000000000000e+00,0.000000000000000000e+00,0.000000000000000000e+00,0.000000000000000000e+00,0.000000000000000000e+00,0.000000000000000000e+00,0.000000000000000000e+00,0.000000000000000000e+00,0.000000000000000000e+00,0.000000000000000000e+00,0.000000000000000000e+00,0.000000000000000000e+00,0.000000000000000000e+00,0.000000000000000000e+00,0.000000000000000000e+00,0.000000000000000000e+00,0.000000000000000000e+00,0.000000000000000000e+00,0.000000000000000000e+00,0.000000000000000000e+00,0.000000000000000000e+00,0.000000000000000000e+00,0.000000000000000000e+00,0.000000000000000000e+00,0.000000000000000000e+00,0.000000000000000000e+00,0.000000000000000000e+00,0.000000000000000000e+00
2.523263234138693968e-16,3.185356988703400316e-12,1.286268537239294441e-08,1.946221604433115172e-05,9.796486347895554461e-03,9.784107016920970956e-01,1.173250211525346358e-02,4.076286532131647323e-05,7.181743706690543593e-08,8.001716239189968085e-11,6.337681795276717005e-14,3.833769312068374780e-17,1.858511739816811062e-20,7.472204124321031714e-24,2.556159201374486857e-27,7.588535018494393173e-31,1.985904285292313345e-34,4.639813030443261448e-38,9.779893965552175511e-42,1.876174562109274160e-45,3.300328514042209313e-49,5.357580904049123359e-53,8.070906229795314681e-57,1.133785493455626768e-60,1.491619976594792053e-64,1.844842561022990943e-68,2.152352050312549152e-72,2.376015850759534282e-76,2.488673366259030877e-80,2.479467247986973614e-84,2.355122344196387762e-88,2.137181227339971370e-92,1.856418151797326779e-96,1.546268486309014468e-100,1.237024615859403338e-104,9.519491603784135033e-109,7.056708356343005771e-113,5.045598770419158323e-117,3.483988605283335986e-121,2.325901710521018497e-125,1.502874510498631073e-129,9.408245969525365374e-134,5.711645636666905999e-138,3.365650020046479186e-142,1.926631080848834546e-146,1.072252261074973708e-150,5.806209698419180295e-155,3.061240072702110190e-159,1.572558807881042842e-163,7.875943646598273012e-168,3.848153307440716453e-172,1.835318703880490874e-176,8.549162357197236886e-181,3.891537777210652497e-185,1.731916681834513684e-189,7.539693361020091543e-194,3.212219661192690999e-198,1.339914724811132137e-202,5.474658754870571167e-207,2.191921904482520997e-211,8.603088201465048375e-216,3.311398790926506347e-220,1.250422272207589520e-224,4.633876035190411920e-229,1.685867455082020292e-233,6.023338465922013093e-238,2.114094726246978415e-242,7.291530618456941512e-247,2.472004665778988504e-251,8.240264114944952532e-256,2.701562995050821005e-260,8.713410145711701009e-265,2.765499418078348923e-269,8.639350122914309025e-274,2.657155859866011514e-278,8.047937203487381855e-283,2.400953737833849621e-287,7.056864791404677430e-292,2.043915357605244267e-296,5.834837214647832155e-301,1.642095266508839363e-305,4.556782388538591942e-310,1.247075534365521348e-314,3.366563310762253952e-319,9.881312916824930884e-324,0.000000000000000000e+00,0.000000000000000000e+00,0.000000000000000000e+00,0.000000000000000000e+00,0.000000000000000000e+00,0.000000000000000000e+00,0.000000000000000000e+00,0.000000000000000000e+00,0.000000000000000000e+00,0.000000000000000000e+00,0.000000000000000000e+00,0.000000000000000000e+00,0.000000000000000000e+00,0.000000000000000000e+00,0.000000000000000000e+00,0.000000000000000000e+00,0.000000000000000000e+00,0.000000000000000000e+00,0.000000000000000000e+00,0.000000000000000000e+00,0.000000000000000000e+00,0.000000000000000000e+00,0.000000000000000000e+00,0.000000000000000000e+00,0.000000000000000000e+00,0.000000000000000000e+00,0.000000000000000000e+00,0.000000000000000000e+00,0.000000000000000000e+00,0.000000000000000000e+00,0.000000000000000000e+00,0.000000000000000000e+00,0.000000000000000000e+00,0.000000000000000000e+00,0.000000000000000000e+00,0.000000000000000000e+00,0.000000000000000000e+00,0.000000000000000000e+00,0.000000000000000000e+00,0.000000000000000000e+00,0.000000000000000000e+00,0.000000000000000000e+00,0.000000000000000000e+00
8.321697913652604960e-20,1.512959501402857308e-15,9.548508164658159275e-12,2.569991939539413853e-08,2.915480598490515174e-05,1.173250211525346358e-02,9.745231286582332064e-01,1.366080220553196091e-02,5.427875260943578893e-05,1.076195452540948071e-07,1.332563650456139984e-10,1.161141882410402490e-13,7.663203476122328262e-17,4.024783368834131460e-20,1.742747616541019901e-23,6.387868969604541952e-27,2.022881293446379917e-30,5.624873153867820853e-34,1.391520169024495634e-37,3.096090977429435398e-41,6.252265219656629218e-45,1.154829270330963058e-48,1.963989021539047880e-52,3.093167173866797983e-56,4.534197354963785673e-60,6.213853430589639428e-64,7.992811221251129680e-68,9.683841927216684349e-72,1.108616610357492611e-75,1.202660447760488784e-79,1.239537374552942315e-83,1.216627998454239443e-87,1.139662918590203737e-91,1.020885671954664584e-95,8.760992353019364279e-100,7.215025018209542753e-104,5.710965799619921559e-108,4.351098644225875305e-112,3.195162664055392301e-116,2.264329001102906626e-120,1.550425811321132271e-124,1.026851353830579644e-128,6.585067766166895296e-133,4.092919737888241770e-137,2.467892893936176003e-141,1.444830348067312485e-145,8.219807176624313544e-150,4.547769035928800010e-154,2.448766664430932565e-158,1.284140849104091683e-162,6.562709164619359174e-167,3.270648903130778143e-171,1.590475609893092393e-175,7.551137451600146172e-180,3.502101126619151643e-184,1.587464633099790859e-188,7.036501072240923965e-193,3.051376431500261633e-197,1.295154183819333848e-201,5.383019904889925607e-206,2.191764184542795712e-210,8.745854889885483981e-215,3.421541175227256227e-219,1.312853799335237716e-223,4.942469556756942090e-228,1.826235945215026468e-232,6.625242454683406509e-237,2.360588422129469046e-241,8.263215589364590755e-246,2.842629576480460892e-250,9.613056139046579247e-255,3.196657852422860633e-259,1.045547455711256636e-263,3.364495136654736416e-268,1.065458734909509145e-272,3.321257042659143457e-277,1.019348557438418762e-281,3.081054601444616033e-286,9.173426883740823939e-291,2.691011297043184291e-295,7.779372435175364377e-300,2.216713172997755646e-304,6.227282519589112273e-309,1.725033626971923328e-313,4.712916898961942847e-318,1.284570679187241015e-322,0.000000000000000000e+00,0.000000000000000000e+00,0.000000000000000000e+00,0.000000000000000000e+00,0.000000000000000000e+00,0.000000000000000000e+00,0.000000000000000000e+00,0.000000000000000000e+00,0.000000000000000000e+00,0.000000000000000000e+00,0.000000000000000000e+00,0.000000000000000000e+00,0.000000000000000000e+00,0.000000000000000000e+00,0.000000000000000000e+00,0.000000000000000000e+00,0.000000000000000000e+00,0.000000000000000000e+00,0.000000000000000000e+00,0.000000000000000000e+00,0.000000000000000000e+00,0.000000000000000000e+00,0.000000000000000000e+00,0.000000000000000000e+00,0.000000000000000000e+00,0.000000000000000000e+00,0.000000000000000000e+00,0.000000000000000000e+00,0.000000000000000000e+00,0.000000000000000000e+00,0.000000000000000000e+00,0.000000000000000000e+00,0.000000000000000000e+00,0.000000000000000000e+00,0.000000000000000000e+00,0.000000000000000000e+00,0.000000000000000000e+00,0.000000000000000000e+00,0.000000000000000000e+00,0.000000000000000000e+00,0.000000000000000000e+00,0.000000000000000000e+00
2.352418268618796527e-23,5.821895619475929890e-19,5.291865858177720756e-15,2.226221864972682891e-11,4.493035874041076352e-08,4.076286532131647323e-05,1.366080220553196091e-02,9.706471355750737606e-01,1.558140575787184470e-02,6.969484409629626463e-05,1.535900426593923401e-07,2.092370804539431109e-10,1.989215837409259286e-13,1.422361687679581912e-16,8.045584464274446949e-20,3.732816980752569663e-23,1.459506489407793613e-26,4.910944213428211595e-30,1.445918936876333929e-33,3.775833501829521279e-37,8.843473633299346559e-41,1.875184696200004708e-44,3.628565692202181957e-48,6.451604535312455988e-52,1.060281293232735064e-55,1.619018902835697234e-59,2.307546006227738644e-63,3.082360482846454491e-67,3.872839973851519601e-71,4.592049974184572367e-75,5.153409145205819191e-79,5.488510831859714758e-83,5.560881432730392751e-87,5.371909117063470876e-91,4.957886705120660030e-95,4.379898388705756173e-99,3.710094806118745327e-103,3.018267985117585616e-107,2.361732861453110013e-111,1.779948570470971420e-115,1.293751679437014543e-119,9.080038653659648459e-124,6.160430826380181491e-128,4.044680391497074961e-132,2.572424473138608607e-136,1.586341584601293955e-140,9.493660053659493392e-145,5.518480667889838686e-149,3.118176352919925411e-153,1.713978903846047495e-157,9.171609633661986826e-162,4.780981891021351777e-166,2.429415871175289354e-170,1.204115849170112579e-174,5.824682901118660088e-179,2.751428645716700619e-183,1.269871187493102337e-187,5.729277683161160543e-192,2.528090910540240227e-196,1.091548442491888094e-200,4.613678910979112048e-205,1.909828500384005808e-209,7.745781181876184351e-214,3.079173254564891647e-218,1.200241571578045931e-222,4.589128171981420842e-227,1.721766032144816125e-231,6.340892083465171122e-236,2.292996664459018520e-240,8.144657988592327587e-245,2.842453798101656954e-249,9.749791858111312694e-254,3.287793777028276721e-258,1.090292227453773978e-262,3.556545001730795650e-267,1.141497455149741603e-271,3.605732351401308168e-276,1.121220912805050610e-280,3.432986419847585617e-285,1.035230622384909747e-289,3.075277006725988984e-294,9.001370243707322524e-299,2.596585926554511154e-303,7.383398342884371399e-308,2.069935323140335280e-312,5.722543504698051049e-317,1.561247440858339080e-321,0.000000000000000000e+00,0.000000000000000000e+00,0.000000000000000000e+00,0.000000000000000000e+00,0.000000000000000000e+00,0.000000000000000000e+00,0.000000000000000000e+00,0.000000000000000000e+00,0.000000000000000000e+00,0.000000000000000000e+00,0.000000000000000000e+00,0.000000000000000000e+00,0.000000000000000000e+00,0.000000000000000000e+00,0.000000000000000000e+00,0.000000000000000000e+00,0.000000000000000000e+00,0.000000000000000000e+00,0.000000000000000000e+00,0.000000000000000000e+00,0.000000000000000000e+00,0.000000000000000000e+00,0.000000000000000000e+00,0.000000000000000000e+00,0.000000000000000000e+00,0.000000000000000000e+00,0.000000000000000000e+00,0.000000000000000000e+00,0.000000000000000000e+00,0.000000000000000000e+00,0.000000000000000000e+00,0.000000000000000000e+00,0.000000000000000000e+00,0.000000000000000000e+00,0.000000000000000000e+00,0.000000000000000000e+00,0.000000000000000000e+00,0.000000000000000000e+00,0.000000000000000000e+00,0.000000000000000000e+00,0.000000000000000000e+00
5.818689643577419821e-27,1.881003739691960253e-22,2.327441777816557929e-18,1.410233493406135613e-14,4.448919541788771660e-11,7.181743706690543593e-08,5.427875260943578893e-05,1.558140575787184470e-02,9.667826969266808401e-01,1.749433187600889228e-02,8.700353369004192787e-05,2.109772683586713005e-07,3.136071327819822639e-10,3.230343249067264602e-13,2.487725523570787481e-16,1.507800759662752943e-19,7.462350938477500750e-23,3.100223830052325908e-26,1.104564897813950640e-29,3.432924919026789380e-33,9.436710063171648811e-37,2.320755603778208927e-40,5.155397370714162403e-44,1.042954601428632252e-47,1.935030787671030053e-51,3.312650552404146328e-55,5.260715446899012475e-59,7.786426717853235296e-63,1.078622860573773285e-66,1.403651946045551795e-70,1.721722439476748544e-74,1.996616754296319015e-78,2.195056798816260166e-82,2.293514437086422001e-86,2.282726735794847336e-90,2.168768856667192088e-94,1.970685306503926788e-98,1.715692488568545970e-102,1.433494267031763283e-106,1.151202380343382946e-110,8.898675552397891490e-115,6.629705585272906492e-119,4.766481276637968869e-123,3.310867561734318689e-127,2.224336274766855667e-131,1.446838069022361506e-135,9.120538511304048817e-140,5.576973451769294523e-144,3.310768797941583733e-148,1.909703053998444360e-152,1.071138223090669788e-156,5.846375248956526859e-161,3.107364927716472512e-165,1.609349545196564281e-169,8.127097600267017117e-174,4.004139331831788673e-178,1.925844496801764239e-182,9.047116069239623647e-187,4.153403996637592578e-191,1.864325148639060510e-195,8.186002020604122005e-200,3.517672348700475118e-204,1.480010585701263713e-208,6.099371605958911450e-213,2.463167572913385252e-217,9.751297359531457904e-222,3.785776786647459991e-226,1.441883940468422415e-230,5.389408595906529973e-235,1.977583383359354329e-239,7.126128062113914163e-244,2.522521752076534488e-248,8.774278415668838028e-253,2.999931926581137403e-257,1.008460739326793401e-261,3.334066887951629106e-266,1.084360384579448600e-270,3.470321177884218688e-275,1.093129455490234827e-279,3.389887751139192380e-284,1.035174499484118979e-288,3.113551446602660306e-293,9.225917647544565756e-298,2.693817616390128735e-302,7.752169803517851870e-307,2.199194692910676834e-311,6.151425834719347333e-316,1.696621427818840633e-320,0.000000000000000000e+00,0.000000000000000000e+00,0.000000000000000000e+00,0.000000000000000000e+00,0.000000000000000000e+00,0.000000000000000000e+00,0.000000000000000000e+00,0.000000000000000000e+00,0.000000000000000000e+00,0.000000000000000000e+00,0.000000000000000000e+00,0.000000000000000000e+00,0.000000000000000000e+00,0.000000000000000000e+00,0.000000000000000000e+00,0.000000000000000000e+00,0.000000000000000000e+00,0.000000000000000000e+00,0.000000000000000000e+00,0.000000000000000000e+00,0.000000000000000000e+00,0.000000000000000000e+00,0.000000000000000000e+00,0.000000000000000000e+00,0.000000000000000000e+00,0.000000000000000000e+00,0.000000000000000000e+00,0.000000000000000000e+00,0.000000000000000000e+00,0.000000000000000000e+00,0.000000000000000000e+00,0.000000000000000000e+00,0.000000000000000000e+00,0.000000000000000000e+00,0.000000000000000000e+00,0.000000000000000000e+00,0.000000000000000000e+00,0.000000000000000000e+00,0.000000000000000000e+00,0.000000000000000000e+00
1.279332170923991981e-30,5.234518134465525637e-26,8.460329847122547485e-22,6.978378016660318352e-18,3.170932487985067791e-14,8.001716239189968085e-11,1.076195452540948071e-07,6.969484409629626463e-05,1.749433187600889228e-02,9.629297872413600246e-01,1.939959962832660950e-02,1.061972329299176634e-04,2.810245523683726233e-07,4.526294142047872783e-10,5.021663217911408971e-13,4.143864732937164020e-16,2.679208499541978667e-19,1.408935309762104101e-22,6.197993667645307335e-26,2.331020245435393161e-29,7.626206049165893725e-33,2.201228683584809274e-36,5.671354475443658451e-40,1.317142833514761005e-43,2.780524342122973763e-47,5.373834213129122238e-51,9.567775300514490006e-55,1.577885904647785435e-58,2.421964521624789447e-62,3.474907566471819124e-66,4.677998153372973799e-70,5.929356871691061300e-74,7.097911175246737388e-78,8.047267502433661879e-82,8.663069044590914837e-86,8.875969452822353462e-90,8.673849289714217626e-94,8.100600649421471885e-98,7.243079336675289280e-102,6.211015477909785152e-106,5.115822258094406709e-110,4.053354928008138172e-114,3.093502487590783879e-118,2.277061330765012478e-122,1.618468423618104198e-126,1.112049179662797424e-130,7.394179980031428533e-135,4.762464568704307899e-139,2.974091560503907172e-143,1.802355689510578597e-147,1.060846171440845475e-151,6.069224628074252296e-156,3.377601877421060493e-160,1.829731749469963192e-164,9.655266525154456185e-169,4.966141446238091145e-173,2.491259055343748823e-177,1.219603004225185755e-181,5.829902211729542477e-186,2.722575779639216067e-190,1.242788840968103559e-194,5.547875964803142427e-199,2.423107798701862316e-203,1.035932863839915969e-207,4.337024399208735029e-212,1.778830844517445515e-216,7.150463463007100712e-221,2.818111453736548930e-225,1.089351564401739362e-229,4.131611856584298648e-234,1.538022229035365029e-238,5.621370102888440746e-243,2.017892614327813098e-247,7.116481399625760558e-252,2.466462790360609230e-256,8.403343097930871513e-261,2.815270404971374498e-265,9.276773405973240816e-270,3.007441648084966578e-274,9.594712602789745331e-279,3.013067931423115175e-283,9.316065416448226104e-288,2.836639605386769722e-292,8.507897312524760351e-297,2.514098851821610954e-301,7.321117402502118768e-306,2.101346083470889209e-310,5.946080433070605915e-315,1.659072438734905895e-319,4.940656458412465442e-324,0.000000000000000000e+00,0.000000000000000000e+00,0.000000000000000000e+00,0.000000000000000000e+00,0.000000000000000000e+00,0.000000000000000000e+00,0.000000000000000000e+00,0.000000000000000000e+00,0.000000000000000000e+00,0.000000000000000000e+00,0.000000000000000000e+00,0.000000000000000000e+00,0.000000000000000000e+00,0.000000000000000000e+00,0.000000000000000000e+00,0.000000000000000000e+00,0.000000000000000000e+00,0.000000000000000000e+00,0.000000000000000000e+00,0.000000000000000000e+00,0.000000000000000000e+00,0.000000000000000000e+00,0.000000000000000000e+00,0.000000000000000000e+00,0.000000000000000000e+00,0.000000000000000000e+00,0.000000000000000000e+00,0.000000000000000000e+00,0.000000000000000000e+00,0.000000000000000000e+00,0.000000000000000000e+00,0.000000000000000000e+00,0.000000000000000000e+00,0.000000000000000000e+00,0.000000000000000000e+00,0.000000000000000000e+00,0.000000000000000000e+00,0.000000000000000000e+00
2.531535128069399496e-34,1.278825913992249223e-29,2.616108275747179261e-25,2.818714940562779376e-21,1.743608197989999239e-17,6.337681795276717005e-14,1.332563650456139984e-10,1.535900426593923401e-07,8.700353369004192787e-05,1.939959962832660950e-02,9.590883810915966645e-01,2.129722804790861942e-02,1.272683709562991681e-04,3.649702268494787460e-07,6.331794112493237983e-10,7.527525118900503599e-13,6.626434404378541170e-16,4.552400989344456926e-19,2.534968262194616995e-22,1.177152714431317196e-25,4.660363102867603599e-29,1.600975079323776272e-32,4.841228808267238861e-36,1.304042786704649973e-39,3.160308760063366950e-43,6.949591447307538290e-47,1.396871628921629467e-50,2.582731353020463224e-54,4.417160277560296050e-58,7.022307277392379145e-62,1.042275810850560307e-65,1.449918556759628048e-69,1.897067719607509869e-73,2.341924446381577944e-77,2.735637826386654797e-81,3.031612644469237194e-85,3.194880643353010306e-89,3.208870629537471287e-93,3.077808171111449209e-97,2.824428299801895873e-101,2.484089026001786232e-105,2.097227723499352420e-109,1.702204907961618148e-113,1.330051236316828416e-117,1.001793697550983563e-121,7.282307263583187151e-126,5.114879078693082262e-130,3.474902657081264312e-134,2.285751022369922981e-138,1.457160681324111221e-142,9.010908583681329603e-147,5.409805676516909753e-151,3.155706342255068779e-155,1.789967983708210697e-159,9.879682499732874574e-164,5.309939717412576735e-168,2.780805038320540874e-172,1.419900582957451399e-176,7.073126109778722737e-181,3.439370054631409644e-185,1.633418706632281134e-189,7.580434965511770167e-194,3.439426255144465749e-198,1.526446035153679864e-202,6.629493267232267407e-207,2.818866635062635459e-211,1.173946843952098753e-215,4.790483626563946421e-220,1.916187247858560013e-224,7.516030011537385452e-229,2.891940664824105074e-233,1.091926079056013239e-237,4.047132224726334542e-242,1.472970519295572608e-246,5.265875601772064069e-251,1.849736170751163259e-255,6.386163515238720004e-260,2.167632050024209254e-264,7.235468237193133398e-269,2.375744578390629383e-273,7.675342234038378391e-278,2.440450875408749149e-282,7.638759499083678366e-287,2.354284957678393130e-291,7.146256633846208233e-296,2.136872744851214918e-300,6.295837363972696048e-305,1.828078335209648661e-309,5.232288652893908936e-314,1.476490479314273235e-318,3.952525166729972353e-323,0.000000000000000000e+00,0.000000000000000000e+00,0.000000000000000000e+00,0.000000000000000000e+00,0.000000000000000000e+00,0.000000000000000000e+00,0.000000000000000000e+00,0.000000000000000000e+00,0.000000000000000000e+00,0.000000000000000000e+00,0.000000000000000000e+00,0.000000000000000000e+00,0.000000000000000000e+00,0.000000000000000000e+00,0.000000000000000000e+00,0.000000000000000000e+00,0.000000000000000000e+00,0.000000000000000000e+00,0.000000000000000000e+00,0.000000000000000000e+00,0.000000000000000000e+00,0.000000000000000000e+00,0.000000000000000000e+00,0.000000000000000000e+00,0.000000000000000000e+00,0.000000000000000000e+00,0.000000000000000000e+00,0.000000000000000000e+00,0.000000000000000000e+00,0.000000000000000000e+00,0.000000000000000000e+00,0.000000000000000000e+00,0.000000000000000000e+00,0.000000000000000000e+00,0.000000000000000000e+00,0.000000000000000000e+00,0.000000000000000000e+00
4.553988294761290251e-38,2.783686853565549169e-33,7.030759165605841944e-29,9.588179204860216664e-25,7.747631605492229326e-21,3.833769312068374780e-17,1.161141882410402490e-13,2.092370804539431109e-10,2.109772683586713005e-07,1.061972329299176634e-04,2.129722804790861942e-02,9.552584530939928209e-01,2.318723613259123309e-02,1.502093944807643498e-04,4.640476372933789477e-07,8.627427365501154202e-10,1.094190320802612125e-12,1.023506207278727309e-15,7.445697680355731919e-19,4.376655929322175494e-22,2.139430560167970954e-25,8.893855650722657271e-29,3.200894111649653388e-32,1.011948761320821543e-35,2.844379952338986638e-39,7.180624847429550303e-43,1.642224397767885903e-46,3.427886706663638692e-50,6.572779809258763260e-54,1.164281509644828273e-57,1.914795739238954745e-61,2.936769184199733377e-65,4.217186129108888564e-69,5.690223885839875850e-73,7.237481917258245074e-77,8.702924265609807551e-81,9.920131174735529085e-85,1.074484154465663215e-88,1.108362265688745025e-92,1.091073981097573861e-96,1.026929347878408666e-100,9.257695266234547872e-105,8.006606437868075272e-109,6.653275738382592292e-113,5.319585682937841305e-117,4.097783545352153937e-121,3.044993714133840595e-125,2.185214576985894066e-129,1.516163241058167085e-133,1.018094860684852188e-137,6.622802327693656695e-142,4.177381626740684645e-146,2.557121710550103640e-150,1.520336753909675185e-154,8.786325207457734671e-159,4.939406813958551091e-163,2.703009468665293667e-167,1.440841277425785048e-171,7.486131255232698216e-176,3.793461232756676374e-180,1.875871541279972743e-184,9.057346297145538926e-189,4.272283625146417822e-193,1.969706128727788340e-197,8.880489688726923800e-202,3.917145959946619846e-206,1.691200454757215285e-210,7.149907047358086611e-215,2.961187812199870767e-219,1.201891376228466282e-223,4.782612711632059096e-228,1.866495145364718109e-232,7.146696304871198100e-237,2.685655394173069842e-241,9.908461658487801419e-246,3.590151127633000530e-250,1.277922903684915062e-254,4.470050408718188180e-259,1.536958725906927823e-263,5.196083691522805482e-268,1.727716554425328857e-272,5.651527883379458329e-277,1.819145201476434073e-281,5.763478785957643966e-286,1.797721456038972791e-290,5.521816011998868956e-295,1.670558968557752528e-299,4.979179079215982129e-304,1.462388465980899908e-308,4.233185108414268821e-313,1.207978646506347611e-317,3.409052956304601155e-322,0.000000000000000000e+00,0.000000000000000000e+00,0.000000000000000000e+00,0.000000000000000000e+00,0.000000000000000000e+00,0.000000000000000000e+00,0.000000000000000000e+00,0.000000000000000000e+00,0.000000000000000000e+00,0.000000000000000000e+00,0.000000000000000000e+00,0.000000000000000000e+00,0.000000000000000000e+00,0.000000000000000000e+00,0.000000000000000000e+00,0.000000000000000000e+00,0.000000000000000000e+00,0.000000000000000000e+00,0.000000000000000000e+00,0.000000000000000000e+00,0.000000000000000000e+00,0.000000000000000000e+00,0.000000000000000000e+00,0.000000000000000000e+00,0.000000000000000000e+00,0.000000000000000000e+00,0.000000000000000000e+00,0.000000000000000000e+00,0.000000000000000000e+00,0.000000000000000000e+00,0.000000000000000000e+00,0.000000000000000000e+00,0.000000000000000000e+00,0.000000000000000000e+00,0.000000000000000000e+00,0.000000000000000000e+00
