9.867431316946253528e-01,1.316860512849862309e-02,8.787097445132633559e-05,3.908947619828364564e-07,1.304173954195678932e-09,3.480977220926946902e-12,7.742578085301842667e-15,1.476125276708514923e-17,2.462458347162074146e-20,3.651422158139193402e-23,4.873014568179050682e-26,5.912085247699922433e-29,6.574990120890304403e-32,6.749745769669717826e-35,6.434207206046813075e-38,5.724524873111740756e-41,4.774799361461811155e-44,3.748364954616656056e-47,2.779105455297033898e-50,1.952032701038239639e-53,1.302545060219607404e-56,8.277689361600717833e-60,5.021368649227073029e-63,2.913600035719981306e-66,1.620146754356885938e-69,8.648683602875978657e-73,4.439277815509431183e-76,2.194240483345728124e-79,1.045831829191512882e-82,4.812818902729187402e-86,2.140986498893234981e-89,9.216964140878657864e-93,3.843913291493946412e-96,1.554516391316753845e-99,6.101716869632991789e-103,2.326589000034057967e-106,8.624875459718920930e-110,3.110905163071305106e-113,1.092543752985228054e-116,3.738607683206970007e-120,1.247342057146436779e-123,4.060106000488629991e-127,1.290101097982347690e-130,4.003971267506266202e-134,1.214434059843363645e-137,3.601613355873858969e-141,1.044900457959693640e-144,2.966967059544680128e-148,8.249111053118980114e-152,2.246708525567629410e-155,5.996700957263451563e-159,1.569198480739294052e-162,4.027264913102260705e-166,1.014074803068932631e-169,2.506177894815255503e-173,6.081138134411788428e-177,1.449213945998479176e-180,3.393073849234147773e-184,7.807302046149424724e-188,1.765975332320625136e-191,3.927977989918670912e-195,8.593594827466774070e-199,1.849774751194061583e-202,3.918446853765692286e-206,8.170895379965478531e-210,1.677613669718120889e-213,3.392217448875273656e-217,6.756854142577741351e-221,1.326084791955574014e-224,2.564825759078130771e-228,4.889849468248195071e-232,9.191212437235810439e-236,1.703632712821601412e-239,3.114503144203014733e-243,5.616848589265732789e-247,9.994639099448473245e-251,1.755048762184662247e-254,3.041824301901790312e-258,5.204454135123990345e-262,8.791920601262199243e-266,1.466659951819211572e-269,2.416462598443542876e-273,3.932800245003347507e-277,6.323528189556167449e-281,1.004652422804593304e-284,1.577366355372279228e-288,2.447765363163849181e-292,3.754794694027704671e-296,5.694284823110621775e-300,8.538564094407163910e-304,1.266129117227174532e-307,1.856830525484695385e-311,2.693519370914576216e-315,3.865223767109824089e-319,5.434722104253711986e-323,0.000000000000000000e+00,0.000000000000000000e+00,0.000000000000000000e+00,0.000000000000000000e+00,0.000000000000000000e+00,0.000000000000000000e+00,0.000000000000000000e+00,0.000000000000000000e+00,0.000000000000000000e+00,0.000000000000000000e+00,0.000000000000000000e+00,0.000000000000000000e+00,0.000000000000000000e+00,0.000000000000000000e+00,0.000000000000000000e+00,0.000000000000000000e+00,0.000000000000000000e+00,0.000000000000000000e+00,0.000000000000000000e+00,0.000000000000000000e+00,0.000000000000000000e+00,0.000000000000000000e+00,0.000000000000000000e+00,0.000000000000000000e+00,0.000000000000000000e+00,0.000000000000000000e+00,0.000000000000000000e+00,0.000000000000000000e+00,0.000000000000000000e+00,0.000000000000000000e+00,0.000000000000000000e+00,0.000000000000000000e+00,0.000000000000000000e+00
1.316860512849862309e-02,9.605816633865306153e-01,2.598689904347788876e-02,2.612727714778987644e-04,1.553163061183884664e-06,6.486106454237636514e-09,2.079305571730743256e-11,5.399158605504147328e-14,1.176963574291295593e-16,2.209644825575783922e-19,3.641682632296608377e-22,5.347317327440161260e-25,7.078731095619269425e-28,8.529946826046342104e-31,9.431636884147988013e-34,9.634144874129861685e-37,9.143966811242532893e-40,8.104419476029203928e-43,6.737055847533043906e-46,5.272885245890538971e-49,3.898856960150367681e-52,2.731869101630406140e-55,1.818882927474505885e-58,1.153574922141016804e-61,6.984865543477941860e-65,4.046043698303009793e-68,2.246349904728619628e-71,1.197420413159451992e-74,6.138018090842048179e-78,3.030121511987754434e-81,1.442561364645307919e-84,6.631344858853938751e-88,2.946968933565023109e-91,1.267465612833107232e-94,5.281207377311761892e-98,2.133972602567040294e-101,8.369511640826524824e-105,3.188902265441952643e-108,1.181313774520527160e-111,4.258005021586310786e-115,1.494445366101416209e-118,5.110773689222451637e-122,1.704161007453684630e-125,5.543991840385029617e-129,1.760678817802695799e-132,5.461712297929058586e-136,1.655780974728103756e-139,4.908243599331920907e-143,1.423352384009065130e-146,4.039862941508289570e-150,1.122754672717210819e-153,3.056717115171782516e-157,8.155644281794351209e-161,2.133375619986550271e-164,5.473297598908432255e-168,1.377728998109585697e-171,3.403814429056292275e-175,8.256651840826725099e-179,1.967077289710997138e-182,4.604224592014701364e-186,1.059113894454513164e-189,2.395018269967472476e-193,5.325735319200071789e-197,1.164864421242414684e-200,2.506760220846296380e-204,5.308901323093280520e-208,1.106777294581631143e-211,2.271880362465093950e-215,4.592857518608782380e-219,9.146445947235397076e-223,1.794693517686745498e-226,3.470488092951686429e-230,6.615219951062048434e-234,1.243197204465395230e-237,2.303901108078812987e-241,4.211137379468089917e-245,7.593258275682793214e-249,1.350919146534439315e-252,2.371811130094488847e-256,4.110129760625752510e-260,7.031190020820320812e-264,1.187603126281576121e-267,1.980854403968808231e-271,3.263174582064117587e-275,5.310075997233008698e-279,8.536864281542726573e-283,1.356114082644410819e-286,2.128902581785495231e-290,3.303217212608734089e-294,5.066393742111268479e-298,7.682428821527017495e-302,1.151839578301468420e-305,1.707788511828371082e-309,2.504254135750238477e-313,3.632263415979697042e-317,5.212392563625151041e-321,0.000000000000000000e+00,0.000000000000000000e+00,0.000000000000000000e+00,0.000000000000000000e+00,0.000000000000000000e+00,0.000000000000000000e+00,0.000000000000000000e+00,0.000000000000000000e+00,0.000000000000000000e+00,0.000000000000000000e+00,0.000000000000000000e+00,0.000000000000000000e+00,0.000000000000000000e+00,0.000000000000000000e+00,0.000000000000000000e+00,0.000000000000000000e+00,0.000000000000000000e+00,0.000000000000000000e+00,0.000000000000000000e+00,0.000000000000000000e+00,0.000000000000000000e+00,0.000000000000000000e+00,0.000000000000000000e+00,0.000000000000000000e+00,0.000000000000000000e+00,0.000000000000000000e+00,0.000000000000000000e+00,0.000000000000000000e+00,0.000000000000000000e+00,0.000000000000000000e+00,0.000000000000000000e+00,0.000000000000000000e+00
8.787097445132633559e-05,2.598689904347788876e-02,9.349427380130439502e-01,3.846071390100241905e-02,5.179016169514043255e-04,3.857023865821300240e-06,1.935453918338852481e-08,7.245220889904908933e-11,2.151434517460417332e-13,5.278676951548277158e-16,1.101547815078282412e-18,1.997582348113925262e-21,3.200609303849402706e-24,4.590945844358360078e-27,5.958708843720666261e-30,7.060247146838033693e-33,7.693606813969583898e-36,7.759410763002942686e-39,7.282529528830932341e-42,6.390715750810586178e-45,5.265480279616086727e-48,4.088338066586999365e-51,3.001237681746225997e-54,2.089178338494036923e-57,1.382683892439608989e-60,8.721374340402034321e-64,5.254242547330008922e-67,3.029459936534833504e-70,1.674731752383409497e-73,8.891644052923038879e-77,4.540999866812118285e-80,2.233981182796752520e-83,1.060101825986856065e-86,4.858443747449218867e-90,2.152949116521889164e-93,9.234858908795654725e-97,3.838221945062059531e-100,1.547211873031419308e-103,6.054544273138694470e-107,2.301944117108966978e-110,8.510182753329760117e-114,3.061569048703020580e-117,1.072563887854978403e-120,3.661618076601601210e-124,1.218921235820856551e-127,3.959124567294522694e-131,1.255448842376535519e-134,3.888827840011576150e-138,1.177309587154573312e-141,3.485274487186618074e-145,1.009415663503743652e-148,2.861496268839594383e-152,7.943305686006095403e-156,2.160136527081440051e-159,5.757213704986431801e-163,1.504412961317238158e-166,3.855769332012976413e-170,9.696247968062330922e-174,2.393307935570203882e-177,5.800207872029940716e-181,1.380642573435099340e-184,3.228860532179111514e-188,7.421308305194254544e-192,1.676884489803587105e-195,3.725987061535032149e-199,8.143573386056306610e-203,1.751218107470335229e-206,3.706204651932606203e-210,7.721316333329929960e-214,1.583913948397066682e-217,3.200017866183063653e-221,6.368732884224840135e-225,1.248906078214260981e-228,2.413660265379201100e-232,4.598147966602634003e-236,8.636513202128580542e-240,1.599662761828809736e-243,2.922377830071934011e-247,5.266758539238241201e-251,9.365448343863588365e-255,1.643496488329248787e-258,2.846681957134152467e-262,4.867568461089324130e-266,8.217870196304834691e-270,1.370092624435807953e-273,2.256065260529396247e-277,3.669699036688150744e-281,5.897265548605631821e-285,9.364297786307255059e-289,1.469485851528241179e-292,2.279193500187325120e-296,3.494468536723308372e-300,5.296908089075340466e-304,7.938912836894073442e-308,1.176661668053662304e-311,1.724835288616771479e-315,2.500910892683805882e-319,3.458459520888725809e-323,0.000000000000000000e+00,0.000000000000000000e+00,0.000000000000000000e+00,0.000000000000000000e+00,0.000000000000000000e+00,0.000000000000000000e+00,0.000000000000000000e+00,0.000000000000000000e+00,0.000000000000000000e+00,0.000000000000000000e+00,0.000000000000000000e+00,0.000000000000000000e+00,0.000000000000000000e+00,0.000000000000000000e+00,0.000000000000000000e+00,0.000000000000000000e+00,0.000000000000000000e+00,0.000000000000000000e+00,0.000000000000000000e+00,0.000000000000000000e+00,0.000000000000000000e+00,0.000000000000000000e+00,0.000000000000000000e+00,0.000000000000000000e+00,0.000000000000000000e+00,0.000000000000000000e+00,0.000000000000000000e+00,0.000000000000000000e+00,0.000000000000000000e+00,0.000000000000000000e+00
3.908947619828364564e-07,2.612727714778987644e-04,3.846071390100241905e-02,9.098186157206589186e-01,5.059580930980360491e-02,8.554896988614281135e-04,7.662590820270517194e-06,4.491962178639036076e-08,1.923468217293272983e-10,6.429704971771312728e-13,1.753691143858775336e-15,4.027035607147746423e-18,7.969011419279954637e-21,1.383566728580026926e-23,2.137677894204919180e-26,2.973239580029074967e-29,3.758288781326900474e-32,4.351955432641348239e-35,4.647882428843947950e-38,4.605029365576291990e-41,4.254161426715786411e-44,3.680659816875421408e-47,2.994114521498977445e-50,2.298025138121495916e-53,1.669315456544269079e-56,1.150899752304470816e-59,7.550120351810976595e-63,4.723770747802948770e-66,2.824593927828627132e-69,1.617307316787675069e-72,8.883169818668464348e-76,4.688048625106833850e-79,2.380793590462062743e-82,1.165108173366991148e-85,5.501644362873270909e-89,2.509742759479585054e-92,1.107313262346095692e-95,4.730197669322471657e-99,1.958348913679436317e-102,7.865230558110462579e-106,3.067103327265917888e-109,1.162262451487296930e-112,4.283337021512431613e-116,1.536340908723380073e-119,5.366960792250283638e-123,1.827247096826702023e-126,6.066975628059801720e-130,1.965703392746886612e-133,6.218514696263846075e-137,1.921847107646437593e-140,5.805561167560344397e-144,1.715072009988727979e-147,4.957279478507038488e-151,1.402582994929490439e-154,3.886250190106354999e-158,1.054957691883692383e-161,2.806849634834443700e-165,7.322406902058793667e-169,1.873714552802387884e-172,4.704635136784928923e-176,1.159507791527149895e-179,2.806036700722748632e-183,6.670010261638779308e-187,1.557792890475006991e-190,3.575813679872523604e-194,8.069552050751150569e-198,1.790839041237987697e-201,3.909447926199623028e-205,8.397333529187931742e-209,1.775195349708374466e-212,3.694348688767519586e-216,7.570446299012600831e-220,1.527913128065760045e-223,3.037862437800525294e-227,5.951488426003963880e-231,1.149116721838203352e-234,2.187127585867146453e-238,4.104340036624568806e-242,7.595514113659167700e-246,1.386432366116923559e-249,2.496598350336562787e-253,4.435941398959247996e-257,7.778334873549785527e-261,1.346250214251618092e-264,2.300254734883776350e-268,3.880680851598421011e-272,6.465332219654020212e-276,1.063878569712890160e-279,1.729327718090629705e-283,2.777222776485960746e-287,4.407120533678942658e-291,6.911480394931489499e-295,1.071319228042381338e-298,1.641559917086621483e-302,2.486804390999306499e-306,3.725025964285091073e-310,5.517905796257559236e-314,8.084065138917603567e-318,1.170935580643754310e-321,0.000000000000000000e+00,0.000000000000000000e+00,0.000000000000000000e+00,0.000000000000000000e+00,0.000000000000000000e+00,0.000000000000000000e+00,0.000000000000000000e+00,0.000000000000000000e+00,0.000000000000000000e+00,0.000000000000000000e+00,0.000000000000000000e+00,0.000000000000000000e+00,0.000000000000000000e+00,0.000000000000000000e+00,0.000000000000000000e+00,0.000000000000000000e+00,0.000000000000000000e+00,0.000000000000000000e+00,0.000000000000000000e+00,0.000000000000000000e+00,0.000000000000000000e+00,0.000000000000000000e+00,0.000000000000000000e+00,0.000000000000000000e+00,0.000000000000000000e+00,0.000000000000000000e+00,0.000000000000000000e+00,0.000000000000000000e+00,0.000000000000000000e+00
1.304173954195678932e-09,1.553163061183884664e-06,5.179016169514043255e-04,5.059580930980360491e-02,8.852016469766204043e-01,6.239787305672411799e-02,1.271804755495475068e-03,1.332002504638741843e-05,8.935966184448724458e-08,4.308554257265431708e-10,1.601298572126381053e-12,4.806564912030537884e-15,1.204528883551817883e-17,2.583018015174776815e-20,4.830737024357225926e-23,7.998467169424859621e-26,1.186854736182775492e-28,1.594228396612595222e-31,1.954896165636950740e-34,2.204062209358759276e-37,2.298900538430738769e-40,2.230123771291050540e-43,2.021519789341230605e-46,1.719318810644227395e-49,1.377063010585741583e-52,1.042056654829425434e-55,7.472168900712914155e-59,5.090664667069845584e-62,3.303109941039596067e-65,2.045728757732933703e-68,1.211781619583253856e-71,6.877895229272926569e-75,3.746987702642775997e-78,1.962407513867089383e-81,9.894894104734767675e-85,4.809924218754734316e-88,2.256941851313375404e-91,1.023460818949091237e-94,4.490261437576477752e-98,1.907974754320866094e-101,7.859557601891387884e-105,3.141573059243951628e-108,1.219540487694692229e-111,4.601515203927892966e-115,1.688874977284415517e-118,6.033994367111084364e-122,2.100029991619235921e-125,7.124372558811365386e-129,2.357445140032892692e-132,7.613260977656815910e-136,2.400944795598288094e-139,7.397974958115677746e-143,2.228379264759610649e-146,6.564889374558174728e-150,1.892496193981226062e-153,5.340851513227978365e-157,1.476197057539054727e-160,3.997783950736920067e-164,1.061233798510374399e-167,2.762411841036375085e-171,7.053648534856657140e-175,1.767435734578688257e-178,4.347389477888860279e-182,1.050059335428217872e-185,2.491378132438421290e-189,5.808195963534792089e-193,1.330912039427861751e-196,2.998404513213948568e-200,6.643332646784471588e-204,1.447954283851822819e-207,3.105354389314339652e-211,6.554895245367389143e-215,1.362153259140406697e-218,2.787378316788291447e-222,5.617932946654263883e-226,1.115490439346531521e-229,2.182523548812316903e-233,4.208702144874054975e-237,8.000615027050673065e-241,1.499587243010286416e-244,2.771903631573520365e-248,5.053881801528311381e-252,9.090607704573252465e-256,1.613466034419594928e-259,2.826193929122482915e-263,4.886450371314305443e-267,8.340780949183811252e-271,1.405762966776450299e-274,2.339797950811144996e-278,3.846560066007761814e-282,6.246834306726502020e-286,1.002315840888715982e-289,1.589163791904304944e-293,2.490078561616209389e-297,3.856534397536770838e-301,5.904447048980158141e-305,8.937496683940086218e-309,1.337712233099039794e-312,1.980039814040571675e-316,2.898683144150593475e-320,4.940656458412465442e-324,0.000000000000000000e+00,0.000000000000000000e+00,0.000000000000000000e+00,0.000000000000000000e+00,0.000000000000000000e+00,0.000000000000000000e+00,0.000000000000000000e+00,0.000000000000000000e+00,0.000000000000000000e+00,0.000000000000000000e+00,0.000000000000000000e+00,0.000000000000000000e+00,0.000000000000000000e+00,0.000000000000000000e+00,0.000000000000000000e+00,0.000000000000000000e+00,0.000000000000000000e+00,0.000000000000000000e+00,0.000000000000000000e+00,0.000000000000000000e+00,0.000000000000000000e+00,0.000000000000000000e+00,0.000000000000000000e+00,0.000000000000000000e+00,0.000000000000000000e+00,0.000000000000000000e+00,0.000000000000000000e+00
3.480977220926946902e-12,6.486106454237636514e-09,3.857023865821300240e-06,8.554896988614281135e-04,6.239787305672411799e-02,8.610842717014361991e-01,7.387252182608126938e-02,1.764649667399522445e-03,2.116968627757760620e-05,1.599883686893703914e-07,8.578769063698747922e-10,3.509424163989071903e-12,1.149727164785888996e-14,3.122488651590382315e-17,7.213149779651142725e-20,1.445705341828610490e-22,2.553817711195723766e-25,4.027022804828811466e-28,5.728282812883579809e-31,7.415389883364065536e-34,8.801544900176004437e-37,9.640226019998611674e-40,9.797997320534734477e-43,9.285930634069199538e-46,8.241718863745646013e-49,6.876565570483989844e-52,5.412121785038341005e-55,4.030289606842670666e-58,2.847602391941644599e-61,1.913758751175746472e-64,1.226177421078361773e-67,7.505620275136302439e-71,4.397657596650321271e-74,2.470736154560079602e-77,1.333250054430432338e-80,6.920463172203272666e-84,3.460257300436228765e-87,1.668786339166595349e-90,7.772196941011504621e-94,3.499733379126029493e-97,1.525248282317328918e-100,6.440188720539172964e-104,2.637068060527261528e-107,1.048087130437548027e-110,4.046631718258817149e-114,1.518998096220728801e-117,5.547747432193719369e-121,1.972803024784137110e-124,6.835249294137219323e-128,2.308926088813259133e-131,7.608843989181909545e-135,2.447573102597514447e-138,7.689616160164413560e-142,2.360795505595295792e-145,7.086296116519535754e-149,2.080656444160754339e-152,5.978683658437543347e-156,1.682017237914294120e-159,4.635137442315669189e-163,1.251648235904624841e-166,3.313314406671396333e-170,8.601421995881748834e-174,2.190611848292578836e-177,5.475232919758518990e-181,1.343478093816816836e-184,3.237374547389668678e-188,7.663518410361679591e-192,1.782666624932572602e-195,4.076129643959295842e-199,9.164034804754011846e-203,2.026316276617737767e-206,4.407846716445036563e-210,9.435344502199079199e-214,1.987974524831938833e-217,4.123747054469057836e-221,8.423731757957937127e-225,1.694916965663712959e-228,3.359857448625911664e-232,6.563207400282660535e-236,1.263647342340646258e-239,2.398497011785618512e-243,4.488927436285323729e-247,8.285530152115696169e-251,1.508531071064641516e-254,2.709718638653236171e-258,4.802946612738890584e-262,8.401959106594806792e-266,1.450829212948347239e-269,2.473356717745502679e-273,4.163532634242234164e-277,6.921659389881372701e-281,1.136575067096916084e-284,1.843701807810243773e-288,2.954958257345593271e-292,4.679959455440908431e-296,7.325266307895966760e-300,1.133324959433695128e-303,1.733376766477772330e-307,2.621171539202610326e-311,3.919377413232320609e-315,5.795785278234494960e-319,8.399115979301191251e-323,0.000000000000000000e+00,0.000000000000000000e+00,0.000000000000000000e+00,0.000000000000000000e+00,0.000000000000000000e+00,0.000000000000000000e+00,0.000000000000000000e+00,0.000000000000000000e+00,0.000000000000000000e+00,0.000000000000000000e+00,0.000000000000000000e+00,0.000000000000000000e+00,0.000000000000000000e+00,0.000000000000000000e+00,0.000000000000000000e+00,0.000000000000000000e+00,0.000000000000000000e+00,0.000000000000000000e+00,0.000000000000000000e+00,0.000000000000000000e+00,0.000000000000000000e+00,0.000000000000000000e+00,0.000000000000000000e+00,0.000000000000000000e+00,0.000000000000000000e+00,0.000000000000000000e+00
7.742578085301842667e-15,2.079305571730743256e-11,1.935453918338852481e-08,7.662590820270517194e-06,1.271804755495475068e-03,7.387252182608126938e-02,8.374590184084622635e-01,8.502530191299324802e-02,2.331862053089950055e-03,3.154228234010310366e-05,2.652225858338248403e-07,1.565774469089327829e-09,6.992078976979896019e-12,2.482763565466324520e-14,7.264199521391298964e-17,1.798474570748322256e-19,3.845860667454243181e-22,7.219724613493343372e-25,1.205626770861843311e-27,1.810498458977345975e-30,2.467399037841995902e-33,3.075402667939637555e-36,3.529200733331282913e-39,3.750330567902184767e-42,3.709155248827713273e-45,3.429467407928415933e-48,2.976058346655783434e-51,2.432500544014480528e-54,1.878619552150238329e-57,1.374810745145158859e-60,9.558579387625077952e-64,6.328747426101344028e-67,3.999040915915696590e-70,2.416406396901723802e-73,1.398795407979369137e-76,7.770373557076998572e-80,4.148703314388573513e-83,2.132045780217529665e-86,1.056043296882784826e-89,5.047962648093533596e-93,2.331376563284581007e-96,1.041480352247163472e-99,4.504880461402375310e-103,1.888571492597714304e-106,7.680712793816234228e-110,3.032948878198126223e-113,1.163807167739703462e-116,4.342974105200016048e-120,1.577262887359576027e-123,5.578734459674416317e-127,1.922963953455597290e-130,6.463765105649061530e-134,2.120025522399374020e-137,6.788717634298857911e-141,2.123558715819830040e-144,6.492304232962403719e-148,1.940929796889577126e-151,5.676834423701749844e-155,1.625131244563389681e-158,4.555632513815211616e-162,1.251040881790054726e-165,3.366930939567047032e-169,8.883974471176011290e-173,2.299084038105334644e-176,5.837606622797339354e-180,1.454787210540091802e-183,3.559553951340541143e-187,8.553911840008370369e-191,2.019499625864472947e-194,4.685594331658447479e-198,1.068698410595441001e-201,2.396837980397930953e-205,5.287309073530321816e-209,1.147516357502525276e-212,2.450886890298684463e-216,5.152718494436037292e-220,1.066604935262425618e-223,2.174337158451732342e-227,4.366217801793131580e-231,8.638439732144342336e-235,1.684263559237443468e-238,3.236833883774479820e-242,6.132741084773479907e-246,1.145772824099132973e-249,2.111230008055213619e-253,3.837487405682898340e-257,6.881955158975465338e-261,1.217887546630126060e-264,2.127198611863084567e-268,3.667646779022586290e-272,6.243337986396203749e-276,1.049459217466008601e-279,1.742213808360429386e-283,2.856871087462247190e-287,4.628046330864984539e-291,7.407738405395691977e-295,1.171698861974105872e-298,1.831677158243746091e-302,2.830369553241266452e-306,4.323705064449749594e-310,6.530460500324174482e-314,9.753517896871634052e-318,1.442671685856439909e-321,0.000000000000000000e+00,0.000000000000000000e+00,0.000000000000000000e+00,0.000000000000000000e+00,0.000000000000000000e+00,0.000000000000000000e+00,0.000000000000000000e+00,0.000000000000000000e+00,0.000000000000000000e+00,0.000000000000000000e+00,0.000000000000000000e+00,0.000000000000000000e+00,0.000000000000000000e+00,0.000000000000000000e+00,0.000000000000000000e+00,0.000000000000000000e+00,0.000000000000000000e+00,0.000000000000000000e+00,0.000000000000000000e+00,0.000000000000000000e+00,0.000000000000000000e+00,0.000000000000000000e+00,0.000000000000000000e+00,0.000000000000000000e+00,0.000000000000000000e+00
1.476125276708514923e-17,5.399158605504147328e-14,7.245220889904908933e-11,4.491962178639036076e-08,1.332002504638741843e-05,1.764649667399522445e-03,8.502530191299324802e-02,8.143185033505102588e-01,9.586168993071170208e-02,2.971313868487874665e-03,4.475901699601173798e-05,4.145505068405599733e-07,2.672234636711684070e-09,1.293575277716960839e-11,4.948955602353318197e-14,1.551997085621729981e-16,4.099826190148033458e-19,9.317284322272461725e-22,1.852371460612623615e-24,3.265697226455492435e-27,5.162991615573777402e-30,7.389027081846319804e-33,9.649429235715738088e-36,1.157774129649692084e-38,1.283921211890693367e-41,1.322837638725273913e-44,1.272102467178773666e-47,1.146449436000446666e-50,9.718199161865863168e-54,7.773821892223303860e-57,5.885494293814959241e-60,4.228566387300138336e-63,2.890172065863314668e-66,1.883398719376963523e-69,1.172564447830988239e-72,6.987540804678716594e-76,3.992637180934974207e-79,2.190998213176816885e-82,1.156431029971259008e-85,5.878911591496206207e-89,2.882285915756905355e-92,1.364479342915672355e-95,6.244249659670297193e-99,2.765287695944772233e-102,1.186268366607692057e-105,4.934222261899453528e-109,1.991750912897257531e-112,7.809047421228161638e-116,2.976147055610664496e-119,1.103398769150717286e-122,3.982393352349832075e-126,1.400185694536613847e-129,4.798868266635955609e-133,1.604250715242482064e-136,5.234098941398787248e-140,1.667601650471071981e-143,5.191071086649153065e-147,1.579644343377490159e-150,4.701248707505579096e-154,1.369063730796285336e-157,3.902897982187989372e-161,1.089663757218767929e-164,2.980717601312464921e-168,7.991833330513043988e-172,2.101052451106075258e-175,5.418182698425672766e-179,1.371046384762426465e-182,3.405511009157225485e-186,8.305937417899929831e-190,1.989806330313919523e-193,4.683640381650083711e-197,1.083520457699236990e-200,2.464322148987681079e-204,5.511711617044181292e-208,1.212612603332502488e-211,2.624934533040472891e-215,5.592247107527189986e-219,1.172824397329250297e-222,2.421934737255391392e-226,4.925787121712252400e-230,9.868941909131783535e-234,1.948240011312720921e-237,3.790388146645999604e-241,7.269158266644396655e-245,1.374456932597251132e-248,2.562770346762100662e-252,4.713054516448506303e-256,8.550468852580136471e-260,1.530560304222601354e-263,2.703711415904367161e-267,4.714047593463002778e-271,8.113790923646535754e-275,1.378861208217098317e-278,2.313945413617598571e-282,3.835206223075710592e-286,6.279036498470215337e-290,1.015617141174428151e-293,1.623163655008145095e-297,2.563604099612121234e-301,4.001802448051868905e-305,6.174967765769217191e-309,9.419874404980919712e-313,1.420831711608285942e-316,2.119047555013106428e-320,4.940656458412465442e-324,0.000000000000000000e+00,0.000000000000000000e+00,0.000000000000000000e+00,0.000000000000000000e+00,0.000000000000000000e+00,0.000000000000000000e+00,0.000000000000000000e+00,0.000000000000000000e+00,0.000000000000000000e+00,0.000000000000000000e+00,0.000000000000000000e+00,0.000000000000000000e+00,0.000000000000000000e+00,0.000000000000000000e+00,0.000000000000000000e+00,0.000000000000000000e+00,0.000000000000000000e+00,0.000000000000000000e+00,0.000000000000000000e+00,0.000000000000000000e+00,0.000000000000000000e+00,0.000000000000000000e+00,0.000000000000000000e+00
2.462458347162074146e-20,1.176963574291295593e-16,2.151434517460417332e-13,1.923468217293272983e-10,8.935966184448724458e-08,2.116968627757760620e-05,2.331862053089950055e-03,9.586168993071170208e-02,7.916554296734273910e-01,1.063870935120041217e-01,3.680911010047134817e-03,6.113173616197017685e-05,6.185003694941083596e-07,4.323042538032577938e-09,2.255118807471336320e-11,9.248318072571346948e-14,3.094785996416727109e-16,8.688872804357716630e-19,2.091301652102107312e-21,4.389596450568502394e-24,8.147480580610043803e-27,1.352701524104777037e-29,2.028366931339902880e-32,2.769583332359384516e-35,3.467869533115076869e-38,4.006304852038771645e-41,4.293183447999783143e-44,4.287616768074267197e-47,4.007473625072810423e-50,3.518573680900071355e-53,2.911800605296701129e-56,2.278092999713203202e-59,1.689620939289254139e-62,1.190972245197356099e-65,7.996532681983737714e-69,5.125079909393258700e-72,3.141499677184765179e-75,1.844951978171880783e-78,1.039828194567321651e-81,5.632899538809975492e-85,2.937078588763718509e-88,1.476012043094091055e-91,7.158054278779502135e-95,3.353796069069037379e-98,1.519811205359890365e-101,6.668073169737933923e-105,2.835236292050333993e-108,1.169372931353737320e-111,4.682378564035590130e-115,1.821731746872115007e-118,6.891962110130656042e-122,2.537235864129669123e-125,9.095809331953902217e-129,3.177405685685343301e-132,1.082254338952560749e-135,3.596442257925310705e-139,1.166685359972981463e-142,3.696663929681602502e-146,1.144642839284933902e-149,3.465391427666498049e-153,1.026280746106774985e-156,2.974488893405646807e-160,8.440796253327040593e-164,2.346196420439790639e-167,6.390473099787051768e-171,1.706319591870801516e-174,4.467978714880591948e-178,1.147740590439159393e-181,2.893417872181145063e-185,7.160787228845339153e-189,1.740342960891900289e-192,4.154997425673887449e-196,9.747680094118315892e-200,2.247784639697035799e-203,5.096302363598371392e-207,1.136378129429088708e-210,2.492723255713468725e-214,5.380485632535686069e-218,1.143073942240259202e-221,2.390774009291347507e-225,4.923986235599407805e-229,9.988699824657559965e-233,1.996235388698944450e-236,3.931146705389991214e-240,7.629970620828392034e-244,1.459860800996515839e-247,2.754047386886436434e-251,5.123736860163218265e-255,9.402416652148698510e-259,1.702194130319499397e-262,3.040697269764848641e-266,5.360525399120963967e-270,9.327929749597772779e-274,1.602428701102145957e-277,2.718051777805763127e-281,4.552926123098620941e-285,7.532584245808502399e-289,1.231070603095495961e-292,1.987792306726963356e-296,3.171539735515720038e-300,5.000817498413794330e-304,7.793683314101076540e-308,1.200696566266054340e-311,1.828812223933033911e-315,2.754267755871197110e-319,3.952525166729972353e-323,0.000000000000000000e+00,0.000000000000000000e+00,0.000000000000000000e+00,0.000000000000000000e+00,0.000000000000000000e+00,0.000000000000000000e+00,0.000000000000000000e+00,0.000000000000000000e+00,0.000000000000000000e+00,0.000000000000000000e+00,0.000000000000000000e+00,0.000000000000000000e+00,0.000000000000000000e+00,0.000000000000000000e+00,0.000000000000000000e+00,0.000000000000000000e+00,0.000000000000000000e+00,0.000000000000000000e+00,0.000000000000000000e+00,0.000000000000000000e+00,0.000000000000000000e+00,0.000000000000000000e+00
3.651422158139193402e-23,2.209644825575783922e-19,5.278676951548277158e-16,6.429704971771312728e-13,4.308554257265431708e-10,1.599883686893703914e-07,3.154228234010310366e-05,2.971313868487874665e-03,1.063870935120041217e-01,7.694625865766007156e-01,1.166068520046295576e-01,4.458592921547318427e-03,8.096307251817667537e-05,8.886096231837678443e-07,6.694774734091357950e-09,3.744186296116293146e-11,1.638656361377738534e-13,5.828362680514300450e-16,1.733134844240302988e-18,4.404255232451255407e-21,9.732959137869170589e-24,1.897175299167244038e-26,3.300299470788982700e-29,5.174380654169194024e-32,7.373235337535244733e-35,9.617847222552907951e-38,1.155660857085700647e-40,1.286145852183037127e-43,1.332145164723933490e-46,1.289655957416380974e-49,1.171435079031740551e-52,1.001789746346976775e-55,8.090879019520340080e-59,6.188663118419738623e-62,4.494610151832434204e-65,3.106688856203103710e-68,2.048077975837205812e-71,1.290316873353057638e-74,7.782867391335642996e-78,4.502042987665149017e-81,2.501422963704256153e-84,1.336920381296808700e-87,6.882649440293247077e-91,3.417351476912741634e-94,1.638418107661847488e-97,7.593574794120908031e-101,3.405732680187513819e-104,1.479610183204593239e-107,6.232494484984547139e-111,2.547635569017688685e-114,1.011430083146578539e-117,3.903021239004534695e-121,1.465069314099581362e-124,5.353244280446431342e-128,1.905337322105881851e-131,6.610020942799581838e-135,2.236542058943984589e-138,7.384982747167333044e-142,2.381022930081266491e-145,7.499842952600920165e-149,2.309075225494946586e-152,6.952400119595972954e-156,2.048079614824379184e-159,5.905690251255961162e-163,1.667611205915801921e-166,4.613180667865443626e-170,1.250725245450650468e-173,3.324657332334762551e-177,8.667960445543593012e-181,2.217316484439148304e-184,5.567103695753486980e-188,1.372355602082326805e-191,3.322611783944415569e-195,7.903205245990856361e-199,1.847431117468979478e-202,4.245226903724849314e-206,9.592315655396556570e-210,2.131838320115100392e-213,4.661309640880330747e-217,1.002987737175902489e-220,2.124344703926783078e-224,4.429967403104257530e-228,9.097533056774213920e-232,1.840317515693929379e-235,3.667781777757587247e-239,7.203585640964951375e-243,1.394500779626795393e-246,2.661346398027248647e-250,5.008204667277906536e-254,9.294881708245565925e-258,1.701640101487739424e-261,3.073494170486231454e-265,5.477907136573481215e-269,9.635834213310851434e-273,1.673128352306906095e-276,2.868174501756157226e-280,4.854981624387519772e-284,8.116017340295395026e-288,1.340101577346145737e-291,2.185930236795401146e-295,3.522910737020241287e-299,5.610417966687744791e-303,8.830333175632787307e-307,1.373744463785013991e-310,2.112706594974230993e-314,3.212424710572701855e-318,4.841843329244216133e-322,0.000000000000000000e+00,0.000000000000000000e+00,0.000000000000000000e+00,0.000000000000000000e+00,0.000000000000000000e+00,0.000000000000000000e+00,0.000000000000000000e+00,0.000000000000000000e+00,0.000000000000000000e+00,0.000000000000000000e+00,0.000000000000000000e+00,0.000000000000000000e+00,0.000000000000000000e+00,0.000000000000000000e+00,0.000000000000000000e+00,0.000000000000000000e+00,0.000000000000000000e+00,0.000000000000000000e+00,0.000000000000000000e+00,0.000000000000000000e+00,0.000000000000000000e+00
4.873014568179050682e-26,3.641682632296608377e-22,1.101547815078282412e-18,1.753691143858775336e-15,1.601298572126381053e-12,8.578769063698747922e-10,2.652225858338248403e-07,4.475901699601173798e-05,3.680911010047134817e-03,1.166068520046295576e-01,7.477328484803344999e-01,1.265262371609496561e-01,5.302332204523472689e-03,1.045465885214261708e-04,1.237394564448357810e-06,9.997410815738807247e-09,5.967828113818379512e-11,2.776413810495004426e-13,1.045992125686396822e-15,3.284163208873142742e-18,8.787130462747965087e-21,2.039374241461989011e-23,4.165214955089150584e-26,7.576215720122796213e-29,1.239641478752893807e-31,1.840233767423386250e-34,2.496714117156953464e-37,3.115657533184486041e-40,3.596149613816204641e-43,3.858065551503347064e-46,3.864050688403368440e-49,3.627043254167385662e-52,3.202007274154290037e-55,2.667020939124820989e-58,2.101899170559100680e-61,1.571498766118479250e-64,1.117302475269911982e-67,7.570665527550814848e-71,4.898691717866871380e-74,3.032618006701392845e-77,1.799266834532212145e-80,1.024728061861883242e-83,5.610524457854650085e-87,2.957216151041599184e-90,1.502488085198807477e-93,7.367415617250922114e-97,3.490524833011937850e-100,1.599570144584275254e-103,7.097268739883786242e-107,3.051884678506667994e-110,1.272988604691980905e-113,5.155015625207708295e-117,2.028311360207951628e-120,7.760157510046491088e-124,2.889037461662040976e-127,1.047327527241054581e-130,3.699509788876207886e-134,1.274120150026676985e-137,4.280957023074525029e-141,1.404053679878347258e-144,4.497550929690427928e-148,1.407812962243375488e-151,4.308317474219558243e-155,1.289652447407763794e-158,3.777807682582625223e-162,1.083430688622648805e-165,3.043273632742238432e-169,8.376003121105495663e-173,2.259744317045824400e-176,5.978232310896303717e-180,1.551442448327461337e-183,3.950942138526944841e-187,9.876774412306052526e-191,2.424495126694833869e-194,5.845970535385869743e-198,1.385013040029300930e-201,3.225087238441161961e-205,7.383184113279707899e-209,1.662190707166600477e-212,3.681030601259292898e-216,8.020885682323415933e-220,1.720081368575435671e-223,3.631245181668941633e-227,7.548229071755003427e-231,1.545316606460018871e-234,3.116519684689711570e-238,6.192936349087725308e-242,1.212800551848283950e-245,2.341193615804779319e-249,4.455815124419653444e-253,8.362637157407941941e-257,1.547988489224181538e-260,2.826705393036407709e-264,5.092834972697379517e-268,9.054840112343605783e-272,1.588978654875319222e-275,2.752602832930703400e-279,4.707903886825993919e-283,7.951311827299890693e-287,1.326307129073729003e-290,2.185289123256411709e-294,3.557107616852540210e-298,5.720984024465883919e-302,9.092660749385414493e-306,1.428292861565886016e-309,2.217725190334069554e-313,3.404232851863773954e-317,5.167926655499438852e-321,0.000000000000000000e+00,0.000000000000000000e+00,0.000000000000000000e+00,0.000000000000000000e+00,0.000000000000000000e+00,0.000000000000000000e+00,0.000000000000000000e+00,0.000000000000000000e+00,0.000000000000000000e+00,0.000000000000000000e+00,0.000000000000000000e+00,0.000000000000000000e+00,0.000000000000000000e+00,0.000000000000000000e+00,0.000000000000000000e+00,0.000000000000000000e+00,0.000000000000000000e+00,0.000000000000000000e+00,0.000000000000000000e+00,0.000000000000000000e+00
5.912085247699922433e-29,5.347317327440161260e-25,1.997582348113925262e-21,4.027035607147746423e-18,4.806564912030537884e-15,3.509424163989071903e-12,1.565774469089327829e-09,4.145505068405599733e-07,6.113173616197017685e-05,4.458592921547318427e-03,1.265262371609496561e-01,7.264591742000535701e-01,1.361504538217180593e-01,6.210134232304274741e-03,1.321669178362977091e-04,1.678320435676051935e-06,1.447686499320719894e-08,9.187789086454666828e-11,4.528049138756863362e-13,1.801351559121705233e-15,5.955259318837023009e-18,1.673470945584961511e-20,4.069673582109861269e-23,8.691200738952333254e-26,1.649840581772587921e-28,2.812353204774496819e-31,4.342386878854891943e-34,6.118676057985471732e-37,7.919004373228867501e-40,9.467439575879442590e-43,1.050795502195948498e-45,1.087575708819679289e-48,1.053859779400958960e-51,9.594874759981864374e-55,8.234351934354882280e-58,6.680721195223895678e-61,5.137807437721426168e-64,3.754484301440871699e-67,2.612827943636048428e-70,1.735210478373179560e-73,1.101789125185557256e-76,6.700584482115236150e-80,3.909334842675757277e-83,2.191431255580960795e-86,1.181957936099900335e-89,6.141855201971124560e-93,3.078635203451177455e-96,1.490330286801287819e-99,6.975040184418869154e-103,3.159347112283423680e-106,1.386294728328251638e-109,5.898196169825571390e-113,2.435367945639170765e-116,9.766707254719350971e-120,3.807221144941464164e-123,1.443662008820119923e-126,5.328755734024731776e-130,1.915930134208125412e-133,6.714352687267286362e-137,2.294899030328092014e-140,7.654386694559590211e-144,2.492791234593595620e-147,7.930873188850896231e-151,2.466248375489154705e-154,7.499723926060304274e-158,2.231257651058272451e-161,6.497486024659789531e-165,1.852762381744955075e-168,5.175510202521848534e-172,1.416834776120534405e-175,3.802637419672007575e-179,1.000947448283651701e-182,2.584957993979822600e-186,6.551809892565816956e-190,1.630343828685631261e-193,3.984252386771608013e-197,9.565311407255278545e-201,2.256661776770501941e-204,5.233293922851394010e-208,1.193293399638854053e-211,2.676092449285596789e-215,5.904068345882485478e-219,1.281767167878404371e-222,2.738937806642749460e-226,5.762023284484577727e-230,1.193683354615641220e-233,2.435696096933854166e-237,4.896351922018334433e-241,9.699084532530538624e-245,1.893598521464401656e-248,3.644450662907101749e-252,6.915902117156439124e-256,1.294259888379422369e-259,2.389082444609368608e-263,4.350676191342279454e-267,7.817633731268032100e-271,1.386314641976556564e-274,2.426550590707027015e-278,4.193042280156522723e-282,7.154034635163746412e-286,1.205376193278217310e-289,2.005904253359729889e-293,3.297452000818601802e-297,5.355384052244716907e-301,8.594256563208657637e-305,1.362987429656042861e-308,2.136486494403967995e-312,3.310478905502374425e-316,5.071089788914554529e-320,9.881312916824930884e-324,0.000000000000000000e+00,0.000000000000000000e+00,0.000000000000000000e+00,0.000000000000000000e+00,0.000000000000000000e+00,0.000000000000000000e+00,0.000000000000000000e+00,0.000000000000000000e+00,0.000000000000000000e+00,0.000000000000000000e+00,0.000000000000000000e+00,0.000000000000000000e+00,0.000000000000000000e+00,0.000000000000000000e+00,0.000000000000000000e+00,0.000000000000000000e+00,0.000000000000000000e+00,0.000000000000000000e+00
