9.964799996305212515e-01,3.513797886320532519e-03,6.195194881226230596e-06,7.281853018313790922e-09,6.419336001157830817e-12,4.527185549296158698e-15,2.660634603804724353e-18,1.340279534043654091e-21,5.907634116524484445e-25,2.314617707608071577e-28,8.161828447785144936e-32,2.616392935767716642e-35,7.688292766281785690e-39,2.085425843707630452e-42,5.252606979722266829e-46,1.234786402126417863e-49,2.721322713111336475e-53,5.644679861862090204e-57,1.105795967077519468e-60,2.052246821051920510e-64,3.618326782621860430e-68,6.075705055847935942e-72,9.738278554631045613e-76,1.493009419868840549e-79,2.193610402674480448e-83,3.094052504490320816e-87,4.196261283747234789e-91,5.480333007277043873e-95,6.901716378954934175e-99,8.392035286050901836e-103,9.864026660841699188e-107,1.122020351777819663e-110,1.236399859363508456e-114,1.321153251593899715e-118,1.370195294695392719e-122,1.380456157712915814e-126,1.352160697580023373e-130,1.288649398011828571e-134,1.195802258851451381e-138,1.081192322917055144e-142,9.531278350746066569e-147,8.197387911595670930e-151,6.882312484658954489e-155,5.643832586182136841e-159,4.523031758021613859e-163,3.544257884863578673e-167,2.716912634435427473e-171,2.038384021486807522e-175,1.497452170988885220e-179,1.077618579693952568e-183,7.599819141362251873e-188,5.254619485144278910e-192,3.563248567103258267e-196,2.370710048079524060e-200,1.548078116285878850e-204,9.925179568228016352e-209,6.249690876370979756e-213,3.866267260703560863e-217,2.350563939142964940e-221,1.404844476980032365e-225,8.256294750274013243e-230,4.772693496370982020e-234,2.714438747912370723e-238,1.519314517020160569e-242,8.370972292063368138e-247,4.541201144521979568e-251,2.426246902565860305e-255,1.276933798176853879e-259,6.621671936198866618e-264,3.383971996202091533e-268,1.704656627332729311e-272,8.466165488781013283e-277,4.146316479946745673e-281,2.002847019956126075e-285,9.543864169382502245e-290,4.487156090524086450e-294,2.081928334093902215e-298,9.534177685351711089e-303,4.310194115467845811e-307,1.923879775566882235e-311,8.480005493782740986e-316,3.691658505725794178e-320,0.000000000000000000e+00,0.000000000000000000e+00,0.000000000000000000e+00,0.000000000000000000e+00,0.000000000000000000e+00,0.000000000000000000e+00,0.000000000000000000e+00,0.000000000000000000e+00,0.000000000000000000e+00,0.000000000000000000e+00,0.000000000000000000e+00,0.000000000000000000e+00,0.000000000000000000e+00,0.000000000000000000e+00,0.000000000000000000e+00,0.000000000000000000e+00,0.000000000000000000e+00,0.000000000000000000e+00,0.000000000000000000e+00,0.000000000000000000e+00,0.000000000000000000e+00,0.000000000000000000e+00,0.000000000000000000e+00,0.000000000000000000e+00,0.000000000000000000e+00,0.000000000000000000e+00,0.000000000000000000e+00,0.000000000000000000e+00,0.000000000000000000e+00,0.000000000000000000e+00,0.000000000000000000e+00,0.000000000000000000e+00,0.000000000000000000e+00,0.000000000000000000e+00,0.000000000000000000e+00,0.000000000000000000e+00,0.000000000000000000e+00,0.000000000000000000e+00,0.000000000000000000e+00,0.000000000000000000e+00,0.000000000000000000e+00,0.000000000000000000e+00,0.000000000000000000e+00,0.000000000000000000e+00,0.000000000000000000e+00,0.000000000000000000e+00
3.513797886320532519e-03,9.894647942476427760e-01,7.002836838675217078e-03,1.854191920291281889e-05,2.907608002117365063e-08,3.205142411410381063e-11,2.713119506248803542e-14,1.860568303926374286e-17,1.071278614091872637e-20,5.312705209181186832e-24,2.312985629721737171e-27,8.972256150700101896e-31,3.137826603762712905e-34,9.989359224337655916e-38,2.918125636454320769e-41,7.875206545788653994e-45,1.974787516093630495e-48,4.624329620179512054e-52,1.015644327579718202e-55,2.100232556021823511e-59,4.103046438980597733e-63,7.595934661624580956e-67,1.336226662369358674e-70,2.239117335878650778e-74,3.582169752043245419e-78,5.482479089536748864e-82,8.042354603776276345e-86,1.132694627954166572e-89,1.534106770257253401e-93,2.001011041442419277e-97,2.517018778998249042e-101,3.057152651807621142e-105,3.589673873377085506e-109,4.079247621340165833e-113,4.490989370934832543e-117,4.794717260801263272e-121,4.968668659744269423e-125,5.002041025932044365e-129,4.895958944894722182e-133,4.662785517633897416e-137,4.324006823009450609e-141,3.907151966902850058e-145,3.442324832889951710e-149,2.958909018702277859e-153,2.482888327074595714e-157,2.035045320397886335e-161,1.630108680655282875e-165,1.276757337274402144e-169,9.782805801855835094e-174,7.336459609636531278e-178,5.387332943354184854e-182,3.875371809436158554e-186,2.732031566988809350e-190,1.888270453659252274e-194,1.280016238985233662e-198,8.513337904818094932e-203,5.557400614867258803e-207,3.561883058697009379e-211,2.242162354079707398e-215,1.386666957399842111e-219,8.428076135623594582e-224,5.035757545890107966e-228,2.958733386916948713e-232,1.709904982913071719e-236,9.722541453993451995e-241,5.440541649705630224e-245,2.996872499348825216e-249,1.625414320092907579e-253,8.682249303568688423e-258,4.568486659774338369e-262,2.368541751424614771e-266,1.210185988841644828e-270,6.095042096970000218e-275,3.026518621758669049e-279,1.481965548943194338e-283,7.157225069445956150e-288,3.409922183032841164e-292,1.602937994277901915e-296,7.435986219490972596e-301,3.404749384999063130e-305,1.538968143355823950e-309,6.868206409191142953e-314,3.026883297933480128e-318,1.333977243771365669e-322,0.000000000000000000e+00,0.000000000000000000e+00,0.000000000000000000e+00,0.000000000000000000e+00,0.000000000000000000e+00,0.000000000000000000e+00,0.000000000000000000e+00,0.000000000000000000e+00,0.000000000000000000e+00,0.000000000000000000e+00,0.000000000000000000e+00,0.000000000000000000e+00,0.000000000000000000e+00,0.000000000000000000e+00,0.000000000000000000e+00,0.000000000000000000e+00,0.000000000000000000e+00,0.000000000000000000e+00,0.000000000000000000e+00,0.000000000000000000e+00,0.000000000000000000e+00,0.000000000000000000e+00,0.000000000000000000e+00,0.000000000000000000e+00,0.000000000000000000e+00,0.000000000000000000e+00,0.000000000000000000e+00,0.000000000000000000e+00,0.000000000000000000e+00,0.000000000000000000e+00,0.000000000000000000e+00,0.000000000000000000e+00,0.000000000000000000e+00,0.000000000000000000e+00,0.000000000000000000e+00,0.000000000000000000e+00,0.000000000000000000e+00,0.000000000000000000e+00,0.000000000000000000e+00,0.000000000000000000e+00,0.000000000000000000e+00,0.000000000000000000e+00,0.000000000000000000e+00,0.000000000000000000e+00
6.195194881226230596e-06,7.002836838675217078e-03,9.824866726903314085e-01,1.046722593084052980e-02,3.699668708465438582e-05,7.256207348647011786e-08,9.601868015657230928e-11,9.484759080147731490e-14,7.434776626586029309e-17,4.816504744165810452e-20,2.654271406917016584e-23,1.271245057693285212e-26,5.379902726620124400e-30,2.038388772564923379e-33,6.988758481723156191e-37,2.187491855789936866e-40,6.297203447064141786e-44,1.677829587066112391e-47,4.160170261773870474e-51,9.644841102685005557e-55,2.099453056774814405e-58,4.306679720678451995e-62,8.352722308807644732e-66,1.536168098822256326e-69,2.686116972432716881e-73,4.476396499468477216e-77,7.125212380450788682e-81,1.085423392356622002e-84,1.585358299288015638e-88,2.223894571494734638e-92,3.000786674054264470e-96,3.900462019030426346e-100,4.890331511237214893e-104,5.921656608114124403e-108,6.933239013624914047e-112,7.857601284634298790e-116,8.628752127881518066e-120,9.190236378716349642e-124,9.502066535325799508e-128,9.545348170474083519e-132,9.323884752655779366e-136,8.862651198630451062e-140,8.203607840896630538e-144,7.399755703520865956e-148,6.508532244930275548e-152,5.585603353451643981e-156,4.679870717999057289e-160,3.830168114633312411e-164,3.063757835552714334e-168,2.396435284856360916e-172,1.833850932973306449e-176,1.373576139065500905e-180,1.007457341845620115e-184,7.238901786433026440e-189,5.097651839677259940e-193,3.519584952518289338e-197,2.383428966463490506e-201,1.583659716286219744e-205,1.032818287857442469e-209,6.613574702977045496e-214,4.159503631062457148e-218,2.570261085082128859e-222,1.560904361874174386e-226,9.318950058803518453e-231,5.471083442887800802e-235,3.159477787769698636e-239,1.795183953134326111e-243,1.003845012888055969e-247,5.525826993370513600e-252,2.995065360926537601e-256,1.598806905835479078e-260,8.407476109303114004e-265,4.356236822885754187e-269,2.224472461535554830e-273,1.119703709249117457e-277,5.556841186837300652e-282,2.719489788396005318e-286,1.312698220079636165e-290,6.250885620191520138e-295,2.936948992401815710e-299,1.361778178297499687e-303,6.232271536486736540e-308,2.815719455576907600e-312,1.256048911738165445e-316,5.533535233421961295e-321,0.000000000000000000e+00,0.000000000000000000e+00,0.000000000000000000e+00,0.000000000000000000e+00,0.000000000000000000e+00,0.000000000000000000e+00,0.000000000000000000e+00,0.000000000000000000e+00,0.000000000000000000e+00,0.000000000000000000e+00,0.000000000000000000e+00,0.000000000000000000e+00,0.000000000000000000e+00,0.000000000000000000e+00,0.000000000000000000e+00,0.000000000000000000e+00,0.000000000000000000e+00,0.000000000000000000e+00,0.000000000000000000e+00,0.000000000000000000e+00,0.000000000000000000e+00,0.000000000000000000e+00,0.000000000000000000e+00,0.000000000000000000e+00,0.000000000000000000e+00,0.000000000000000000e+00,0.000000000000000000e+00,0.000000000000000000e+00,0.000000000000000000e+00,0.000000000000000000e+00,0.000000000000000000e+00,0.000000000000000000e+00,0.000000000000000000e+00,0.000000000000000000e+00,0.000000000000000000e+00,0.000000000000000000e+00,0.000000000000000000e+00,0.000000000000000000e+00,0.000000000000000000e+00,0.000000000000000000e+00,0.000000000000000000e+00,0.000000000000000000e+00,0.000000000000000000e+00
7.281853018313790922e-09,1.854191920291281889e-05,1.046722593084052980e-02,9.755454897064150810e-01,1.390707387774362848e-02,6.151619166386195826e-05,1.448683003827711981e-07,2.237276142529185809e-10,2.526296550921609638e-13,2.228186135100966435e-16,1.604086420674863793e-19,9.724703113828955970e-23,5.081394491338352167e-26,2.329796682584663105e-29,9.506891006142685575e-33,3.492483745187273170e-36,1.166074677860059337e-39,3.566737703609941355e-43,1.006254061151975671e-46,2.633681555695196285e-50,6.427375023520757779e-54,1.469071687724651656e-57,3.157118215738426107e-61,6.401603348144121476e-65,1.228540552299674073e-68,2.237744490950354870e-72,3.878403696043755673e-76,6.410882250630095373e-80,1.012787058823011850e-83,1.532112751496678768e-87,2.223334464785883961e-91,3.100058859158788640e-95,4.159514818895785493e-99,5.378140931633352114e-103,6.709731822912382250e-107,8.087050280171827029e-111,9.427165804093846127e-115,1.063998335592487503e-118,1.163868570750202284e-122,1.235033210071577035e-126,1.272476896399606620e-130,1.274033832057462411e-134,1.240552415515873168e-138,1.175648206732075978e-142,1.085115272642055277e-146,9.761197232723106356e-151,8.563219106445864522e-155,7.330648456699140182e-159,6.127329470086953486e-163,5.003386945528787858e-167,3.993471999110262149e-171,3.117097901952617714e-175,2.380529501370098460e-179,1.779595190429707730e-183,1.302825609404875259e-187,9.344451497158997489e-192,6.569033906992030744e-196,4.527934380995403264e-200,3.061356545650973985e-204,2.030957991924019951e-208,1.322554111675587353e-212,8.456646446025320040e-217,5.311248566975057208e-221,3.277520200960289080e-225,1.987816547934831883e-229,1.185268718504381755e-233,6.950085210339229107e-238,4.008809175008781324e-242,2.275138899708081885e-246,1.270806432616600721e-250,6.987761069579848013e-255,3.783456277023171693e-259,2.017590980589831471e-263,1.059912337965605753e-267,5.486494627889487469e-272,2.798988847069635375e-276,1.407598942536206438e-280,6.979367457347989293e-285,3.412698668397973275e-289,1.645915786897962383e-293,7.831155871902331916e-298,3.676472856127382579e-302,1.703337385075127118e-306,7.789478909502605288e-311,3.516634466115853403e-315,1.567571481125107035e-319,4.940656458412465442e-324,0.000000000000000000e+00,0.000000000000000000e+00,0.000000000000000000e+00,0.000000000000000000e+00,0.000000000000000000e+00,0.000000000000000000e+00,0.000000000000000000e+00,0.000000000000000000e+00,0.000000000000000000e+00,0.000000000000000000e+00,0.000000000000000000e+00,0.000000000000000000e+00,0.000000000000000000e+00,0.000000000000000000e+00,0.000000000000000000e+00,0.000000000000000000e+00,0.000000000000000000e+00,0.000000000000000000e+00,0.000000000000000000e+00,0.000000000000000000e+00,0.000000000000000000e+00,0.000000000000000000e+00,0.000000000000000000e+00,0.000000000000000000e+00,0.000000000000000000e+00,0.000000000000000000e+00,0.000000000000000000e+00,0.000000000000000000e+00,0.000000000000000000e+00,0.000000000000000000e+00,0.000000000000000000e+00,0.000000000000000000e+00,0.000000000000000000e+00,0.000000000000000000e+00,0.000000000000000000e+00,0.000000000000000000e+00,0.000000000000000000e+00,0.000000000000000000e+00,0.000000000000000000e+00,0.000000000000000000e+00,0.000000000000000000e+00
6.419336001157830817e-12,2.907608002117365063e-08,3.699668708465438582e-05,1.390707387774362848e-02,9.686411004918097367e-01,1.732248903641113100e-02,9.205730455453355933e-05,2.530725045649607119e-07,4.468240999491623871e-10,5.677486330146515998e-13,5.564853510503053297e-16,4.407349204685312674e-19,2.915125023462235948e-22,1.650288628796942248e-25,8.149060856258653923e-29,3.562989087080077840e-32,1.396235696397750897e-35,4.953321104743329591e-39,1.604277398058355795e-42,4.777600159362450360e-46,1.316294526522272832e-49,3.373049893240937618e-53,8.076895382008282978e-57,1.814702886275088302e-60,3.839672179151001012e-64,7.675917181671861324e-68,1.454087945431750113e-71,2.617153259040485228e-75,4.486351701506694831e-79,7.340714594972052659e-83,1.148784437270159463e-86,1.722650234952362105e-90,2.479444001681178095e-94,3.430793061037875389e-98,4.570379853697493316e-102,5.869721501258680971e-106,7.276789867569661433e-110,8.718319681494547844e-114,1.010594753783290054e-117,1.134549563156813717e-121,1.234797814834660110e-125,1.304046765340836261e-129,1.337493628516000382e-133,1.333358728918987987e-137,1.292990589706925589e-141,1.220549706386234485e-145,1.122353581130781517e-149,1.006016978065410768e-153,8.795399559969910004e-158,7.504827871597713681e-162,6.253295255596648219e-166,5.090928726212981030e-170,4.051644066314645037e-174,3.153756708051628358e-178,2.402121299360096376e-182,1.791142266363026756e-186,1.308049136638155862e-190,9.359650819451674744e-195,6.564663009272451531e-199,4.514932256386156424e-203,3.046060072829392365e-207,2.016649785771494073e-211,1.310623522451586217e-215,8.364233268660598016e-220,5.243426056708925187e-224,3.229834468535308919e-228,1.955474464549395675e-232,1.164010994698427670e-236,6.814236199252490382e-241,3.924195248079797844e-245,2.223677173786864845e-249,1.240198955962361729e-253,6.809525249064131708e-258,3.681732580391485608e-262,1.960643059916786798e-266,1.028616981801054975e-270,5.317565049233170638e-275,2.709369734431192637e-279,1.360848681228788817e-283,6.739454437727259084e-288,3.291530081729502367e-292,1.585665685106001426e-296,7.536096552936079446e-301,3.534113502250021341e-305,1.635648150626588902e-309,7.472205552493093499e-314,3.369997067000850616e-318,1.482196937523739633e-322,0.000000000000000000e+00,0.000000000000000000e+00,0.000000000000000000e+00,0.000000000000000000e+00,0.000000000000000000e+00,0.000000000000000000e+00,0.000000000000000000e+00,0.000000000000000000e+00,0.000000000000000000e+00,0.000000000000000000e+00,0.000000000000000000e+00,0.000000000000000000e+00,0.000000000000000000e+00,0.000000000000000000e+00,0.000000000000000000e+00,0.000000000000000000e+00,0.000000000000000000e+00,0.000000000000000000e+00,0.000000000000000000e+00,0.000000000000000000e+00,0.000000000000000000e+00,0.000000000000000000e+00,0.000000000000000000e+00,0.000000000000000000e+00,0.000000000000000000e+00,0.000000000000000000e+00,0.000000000000000000e+00,0.000000000000000000e+00,0.000000000000000000e+00,0.000000000000000000e+00,0.000000000000000000e+00,0.000000000000000000e+00,0.000000000000000000e+00,0.000000000000000000e+00,0.000000000000000000e+00,0.000000000000000000e+00,0.000000000000000000e+00,0.000000000000000000e+00,0.000000000000000000e+00,0.000000000000000000e+00
4.527185549296158698e-15,3.205142411410381063e-11,7.256207348647011786e-08,6.151619166386195826e-05,1.732248903641113100e-02,9.617733606893794640e-01,2.071357940691581981e-02,1.285770753073375134e-04,4.042019085878338434e-07,8.031488173582743047e-10,1.134162542476694327e-12,1.223034336365740966e-15,1.056831357540854301e-18,7.573386117291451024e-22,4.617549529130532529e-25,2.443150960534834033e-28,1.139486473815674036e-31,4.744626189783845439e-35,1.782297375863460040e-38,6.093388057974493232e-42,1.910197771774201242e-45,5.526143681096964905e-49,1.483560497509146158e-52,3.713992880713224052e-56,8.707502490344634143e-60,1.919191386354617904e-63,3.990197475300939441e-67,7.849667370440123104e-71,1.465175177065242410e-74,2.601349983115760991e-78,4.403234126194115592e-82,7.120603205025608569e-86,1.102218474951796249e-89,1.636035099762828647e-93,2.332390876474583383e-97,3.198538103868011818e-101,4.225268115564593671e-105,5.383673759757592838e-109,6.624548636634477993e-113,7.881050807917043281e-117,9.074618502314996004e-121,1.012341220376175037e-124,1.095195995222409369e-128,1.150036527846314941e-132,1.173148813852494385e-136,1.163491370831948676e-140,1.122717183861759305e-144,1.054839339727645489e-148,9.656215072162514995e-153,8.618140761886305317e-157,7.503677316878679544e-161,6.377404107995787109e-165,5.293787992840144454e-169,4.294124599779288913e-173,3.405576840034225123e-177,2.641968050849161994e-181,2.005807274723619608e-185,1.490977598748911035e-189,1.085577703638522572e-193,7.745309102235325532e-198,5.417236414704399158e-202,3.715733508884780409e-206,2.500341680195888144e-210,1.651188249069222377e-214,1.070496020346077139e-218,6.815665819828719402e-223,4.262896556341546734e-227,2.620042460960817353e-231,1.582880513740348977e-235,9.402625695233750989e-240,5.493286314092759021e-244,3.157289223232597386e-248,1.785701282858215490e-252,9.940890734374170267e-257,5.448415254307985729e-261,2.940672470712655775e-265,1.563344670625352698e-269,8.188259061030030868e-274,4.226213985124054659e-278,2.149938737961635361e-282,1.078212650084390753e-286,5.331790359700565912e-291,2.600256603214390544e-295,1.250880352542375819e-299,5.936787289046450987e-304,2.780359762389153456e-308,1.285108821723799751e-312,5.863296878410472094e-317,2.643251205250669011e-321,0.000000000000000000e+00,0.000000000000000000e+00,0.000000000000000000e+00,0.000000000000000000e+00,0.000000000000000000e+00,0.000000000000000000e+00,0.000000000000000000e+00,0.000000000000000000e+00,0.000000000000000000e+00,0.000000000000000000e+00,0.000000000000000000e+00,0.000000000000000000e+00,0.000000000000000000e+00,0.000000000000000000e+00,0.000000000000000000e+00,0.000000000000000000e+00,0.000000000000000000e+00,0.000000000000000000e+00,0.000000000000000000e+00,0.000000000000000000e+00,0.000000000000000000e+00,0.000000000000000000e+00,0.000000000000000000e+00,0.000000000000000000e+00,0.000000000000000000e+00,0.000000000000000000e+00,0.000000000000000000e+00,0.000000000000000000e+00,0.000000000000000000e+00,0.000000000000000000e+00,0.000000000000000000e+00,0.000000000000000000e+00,0.000000000000000000e+00,0.000000000000000000e+00,0.000000000000000000e+00,0.000000000000000000e+00,0.000000000000000000e+00,0.000000000000000000e+00,0.000000000000000000e+00
2.660634603804724353e-18,2.713119506248803542e-14,9.601868015657230928e-11,1.448683003827711981e-07,9.205730455453355933e-05,2.071357940691581981e-02,9.549421263878042909e-01,2.408045263332119629e-02,1.710327308710049641e-04,6.052334149389834792e-07,1.336692869851486574e-09,2.076853672251489337e-12,2.443604130870460434e-15,2.287782644944745306e-18,1.765738705388164927e-21,1.153573272800604999e-24,6.510892338980013750e-28,3.226647652080032638e-31,1.422615707660590230e-34,5.641098706059827281e-38,2.030174436218184665e-41,6.682745440443215941e-45,2.025412134425946706e-48,5.684753844567540140e-52,1.485045753894148598e-55,3.626846743231322049e-59,8.313703210421592007e-63,1.795013287805470771e-66,3.662054927229596825e-70,7.079599156539958029e-74,1.300308091213160517e-77,2.274387236938635193e-81,3.796663133968595725e-85,6.060674775451591787e-89,9.268611103581504809e-93,1.360241515662251922e-96,1.918686283875121142e-100,2.605007787292740090e-104,3.408931397881113659e-108,4.305063487606180110e-112,5.252975234600408838e-116,6.199774576027812073e-120,7.085037882210486514e-124,7.847448004411778327e-128,8.432076196932662262e-132,8.797064867123788334e-136,8.918566211254114868e-140,8.793141241586205127e-144,8.437330729976019566e-148,7.884645043526219817e-152,7.180658470327882936e-156,6.377147896172236186e-160,5.526254237737934070e-164,4.675492364126878664e-168,3.864155919602017661e-172,3.121338460594503281e-176,2.465495874277797961e-180,1.905258485286243265e-184,1.441086567624486438e-188,1.067345331726985499e-192,7.744315979748752795e-197,5.506830110363287286e-201,3.839116244823292921e-205,2.625039545826451507e-209,1.761056942129779668e-213,1.159567713387458025e-217,7.496365641939322933e-222,4.759693030315107264e-226,2.969049061603940637e-230,1.820112007829369101e-234,1.096853980291394137e-238,6.499694222705717515e-243,3.788348273297282159e-247,2.172377907309881448e-251,1.225917880681466961e-255,6.809832930691796553e-260,3.724481815127934707e-264,2.006095814556572209e-268,1.064370842879678230e-272,5.563984776511314116e-277,2.866315437956814195e-281,1.455452009131952454e-285,7.286112776303658504e-290,3.596696413836963271e-294,1.751076162085926947e-298,8.409707248570126163e-303,3.984835355182954129e-307,1.863247531908670250e-311,8.598771612277982789e-316,3.917446505875243849e-320,0.000000000000000000e+00,0.000000000000000000e+00,0.000000000000000000e+00,0.000000000000000000e+00,0.000000000000000000e+00,0.000000000000000000e+00,0.000000000000000000e+00,0.000000000000000000e+00,0.000000000000000000e+00,0.000000000000000000e+00,0.000000000000000000e+00,0.000000000000000000e+00,0.000000000000000000e+00,0.000000000000000000e+00,0.000000000000000000e+00,0.000000000000000000e+00,0.000000000000000000e+00,0.000000000000000000e+00,0.000000000000000000e+00,0.000000000000000000e+00,0.000000000000000000e+00,0.000000000000000000e+00,0.000000000000000000e+00,0.000000000000000000e+00,0.000000000000000000e+00,0.000000000000000000e+00,0.000000000000000000e+00,0.000000000000000000e+00,0.000000000000000000e+00,0.000000000000000000e+00,0.000000000000000000e+00,0.000000000000000000e+00,0.000000000000000000e+00,0.000000000000000000e+00,0.000000000000000000e+00,0.000000000000000000e+00,0.000000000000000000e+00,0.000000000000000000e+00
1.340279534043654091e-21,1.860568303926374286e-17,9.484759080147731490e-14,2.237276142529185809e-10,2.530725045649607119e-07,1.285770753073375134e-04,2.408045263332119629e-02,9.481472541204443161e-01,2.742321600462408956e-02,2.193816750550293103e-04,8.630938066923088503e-07,2.097553573812484997e-09,3.556134888233380945e-12,4.533549274370993681e-15,4.571531391858512784e-18,3.780760744778462840e-21,2.634879340248693695e-24,1.580202946780307307e-27,8.292217801309406081e-31,3.859290754808719675e-34,1.610930601780416288e-37,6.087659864085519435e-41,2.099365695517810953e-44,6.652164895713640033e-48,1.948294845244964492e-51,5.301766268020111410e-55,1.346639501689952529e-58,3.205637227229557706e-62,7.177751568863804214e-66,1.516671863976878912e-69,3.033222381346098738e-73,5.756882866233121314e-77,1.039437869537560178e-80,1.789387983290598912e-84,2.943014896629655559e-88,4.633178590468609377e-92,6.993883340662727000e-96,1.013932038831288165e-99,1.413835434220073769e-103,1.898855902174986769e-107,2.459526025144452394e-111,3.076122701593713949e-115,3.719136046130100462e-119,4.351408020870425777e-123,4.931766175761594700e-127,5.419640225553388634e-131,5.779909134620250170e-135,5.987150173677012077e-139,6.028570140336355547e-143,5.905162876572442696e-147,5.630986651272789698e-151,5.230802721300632744e-155,4.736583592974534199e-159,4.183536100468103392e-163,3.606278478033227174e-167,3.035685540371755565e-171,2.496718570121597890e-175,2.007340457488126645e-179,1.578428649564558759e-183,1.214468486990574149e-187,9.147479482146760661e-192,6.747752885591678952e-196,4.876863862562208706e-200,3.454777129860204603e-204,2.399744334566574861e-208,1.635071697572691633e-212,1.093178196587766269e-216,7.174263310831399622e-221,4.623175872849191060e-225,2.926306465736135531e-229,1.819911446789863163e-233,1.112402618129516596e-237,6.684685420181795709e-242,3.950290214113691225e-246,2.296275616646033492e-250,1.313349196613741507e-254,7.392788021749695659e-259,4.096523057565437139e-263,2.235144957604202841e-267,1.201102477110516540e-271,6.358233740355288541e-276,3.316424561266100733e-280,1.704799859348081912e-284,8.638456753883272666e-289,4.315645466934852443e-293,2.126116954012552322e-297,1.033101525178089465e-301,4.952149886343911934e-306,2.342166873851682124e-310,1.093179495704795011e-314,5.036060534624410149e-319,2.470328229206232721e-323,0.000000000000000000e+00,0.000000000000000000e+00,0.000000000000000000e+00,0.000000000000000000e+00,0.000000000000000000e+00,0.000000000000000000e+00,0.000000000000000000e+00,0.000000000000000000e+00,0.000000000000000000e+00,0.000000000000000000e+00,0.000000000000000000e+00,0.000000000000000000e+00,0.000000000000000000e+00,0.000000000000000000e+00,0.000000000000000000e+00,0.000000000000000000e+00,0.000000000000000000e+00,0.000000000000000000e+00,0.000000000000000000e+00,0.000000000000000000e+00,0.000000000000000000e+00,0.000000000000000000e+00,0.000000000000000000e+00,0.000000000000000000e+00,0.000000000000000000e+00,0.000000000000000000e+00,0.000000000000000000e+00,0.000000000000000000e+00,0.000000000000000000e+00,0.000000000000000000e+00,0.000000000000000000e+00,0.000000000000000000e+00,0.000000000000000000e+00,0.000000000000000000e+00,0.000000000000000000e+00,0.000000000000000000e+00
5.907634116524484445e-25,1.071278614091872637e-20,7.434776626586029309e-17,2.526296550921609638e-13,4.468240999491623871e-10,4.042019085878338434e-07,1.710327308710049641e-04,2.742321600462408956e-02,9.413886008642131653e-01,3.074197645569487491e-02,2.735814879936703295e-04,1.184659947583481122e-06,3.141890420972392173e-09,5.771924867837807688e-12,7.925716594118516920e-15,8.564064098627227971e-18,7.555595799269548884e-21,5.595169674078856874e-24,3.553177062463012409e-27,1.968244293957578873e-30,9.642992782936464168e-34,4.226562667572706774e-37,1.673319374015083486e-40,6.033016043402277874e-44,1.994821596090908699e-47,6.086036002492833596e-51,1.722434484258999696e-54,4.543305735104913563e-58,1.121596249348037112e-61,2.601100881739133279e-65,5.685775598745534016e-69,1.175028299387065234e-72,2.302103568314961801e-76,4.286518229428339084e-80,7.602912588521345385e-84,1.287244725056405096e-87,2.084423354384183351e-91,3.233910660905188869e-95,4.815081551573509387e-99,6.890928776310488810e-103,9.492250554959118829e-107,1.260245636439881396e-110,1.614639016701540293e-114,1.998644024511112997e-118,2.392818252855145876e-122,2.773603640509203189e-126,3.115729622946704386e-130,3.395097936974050890e-134,3.591672211197678486e-138,3.691879203357737380e-142,3.690121499510825112e-146,3.589178632116855757e-150,3.399488930423581442e-154,3.137505547627348082e-158,2.823463150627022702e-162,2.478952188586911654e-166,2.124674044321958788e-170,1.778661074931349741e-174,1.455120590856683346e-178,1.163933254917769811e-182,9.107301662171907118e-187,6.974042195811198356e-191,5.228837944422896346e-195,3.840046641937823414e-199,2.763479753451353191e-203,1.949555195356451569e-207,1.348772912656326119e-211,9.154291295806434192e-216,6.097418804865679865e-220,3.987035628595204225e-224,2.560231531242848642e-228,1.614993430566447113e-232,1.001053733749978289e-236,6.099123669081028370e-241,3.653633834094758640e-245,2.152535128205794899e-249,1.247554215099993170e-253,7.114841601016135593e-258,3.993713254664080627e-262,2.206989453497819437e-266,1.200986442677554415e-270,6.437098140912741458e-275,3.399015534222772074e-279,1.768565727895268186e-283,9.069548852261828526e-288,4.584958726844501122e-292,2.285371693362866215e-296,1.123398868193526328e-300,5.446890598272733577e-305,2.605436550994611124e-309,1.229722437734392400e-313,5.728014293594451172e-318,2.618547922958606684e-322,0.000000000000000000e+00,0.000000000000000000e+00,0.000000000000000000e+00,0.000000000000000000e+00,0.000000000000000000e+00,0.000000000000000000e+00,0.000000000000000000e+00,0.000000000000000000e+00,0.000000000000000000e+00,0.000000000000000000e+00,0.000000000000000000e+00,0.000000000000000000e+00,0.000000000000000000e+00,0.000000000000000000e+00,0.000000000000000000e+00,0.000000000000000000e+00,0.000000000000000000e+00,0.000000000000000000e+00,0.000000000000000000e+00,0.000000000000000000e+00,0.000000000000000000e+00,0.000000000000000000e+00,0.000000000000000000e+00,0.000000000000000000e+00,0.000000000000000000e+00,0.000000000000000000e+00,0.000000000000000000e+00,0.000000000000000000e+00,0.000000000000000000e+00,0.000000000000000000e+00,0.000000000000000000e+00,0.000000000000000000e+00,0.000000000000000000e+00,0.000000000000000000e+00,0.000000000000000000e+00
2.314617707608071577e-28,5.312705209181186832e-24,4.816504744165810452e-20,2.228186135100966435e-16,5.677486330146515998e-13,8.031488173582743047e-10,6.052334149389834792e-07,2.193816750550293103e-04,3.074197645569487491e-02,9.346660240384472296e-01,3.403684056821598691e-02,3.335899256112591555e-04,1.576758981508685903e-06,4.531881212844538140e-09,8.967992382145584572e-12,1.319621585087153318e-14,1.521157889823301072e-17,1.426049631655693656e-20,1.118244681722638725e-23,7.496342112320345224e-27,4.371305587056626067e-30,2.248810997280079255e-33,1.032639310450794561e-36,4.274250089957259823e-40,1.608095160078153972e-43,5.538872381561398450e-47,1.757499329033267997e-50,5.165385488579791003e-54,1.412974485577068204e-57,3.612818687976521213e-61,8.667556937718822874e-65,1.957833324061339066e-68,4.176650757183794768e-72,8.438665289453982807e-76,1.618912099166872708e-79,2.955915961292931754e-83,5.147682052426881624e-87,8.567212130999771646e-91,1.365107968882701993e-94,2.086060671088282381e-98,3.061960062434586406e-102,4.323323367519032104e-106,5.879926446091695496e-110,7.712832025335937935e-114,9.769234443970657709e-118,1.196181090015781396e-121,1.417356549641619308e-125,1.626809024341024195e-129,1.810399659531746614e-133,1.955129630411535625e-137,2.050699610363601119e-141,2.090725902941152211e-145,2.073415277694154907e-149,2.001607525041366349e-153,1.882214722727384251e-157,1.725190803327172836e-161,1.542232518710051026e-165,1.345433227508095662e-169,1.146086575713365821e-173,9.537804808674053029e-178,7.758502679937349764e-182,6.171905330367868817e-186,4.803712745230098780e-190,3.659717241406333471e-194,2.730355948431054937e-198,1.995599554691338179e-202,1.429499974803678055e-206,1.003966483256998770e-210,6.915762686702759511e-215,4.674147305220163801e-219,3.100674980697366497e-223,2.019512116809739721e-227,1.291852377254227203e-231,8.118777107798588196e-236,5.014299168237969657e-240,3.044374383600258796e-244,1.817507817202706649e-248,1.067242848772472331e-252,6.165574829103710101e-257,3.505244542437811983e-261,1.961576251015214868e-265,1.080783377440692327e-269,5.864352706435663801e-274,3.134352906772255647e-278,1.650508175724622933e-282,8.564900511403024761e-287,4.380786663103364766e-291,2.208995423286851873e-295,1.098337617845368219e-299,5.385900625246132815e-304,2.605212473986185044e-308,1.243280373005169759e-312,5.854810806877502844e-317,2.722301708585268458e-321,0.000000000000000000e+00,0.000000000000000000e+00,0.000000000000000000e+00,0.000000000000000000e+00,0.000000000000000000e+00,0.000000000000000000e+00,0.000000000000000000e+00,0.000000000000000000e+00,0.000000000000000000e+00,0.000000000000000000e+00,0.000000000000000000e+00,0.000000000000000000e+00,0.000000000000000000e+00,0.000000000000000000e+00,0.000000000000000000e+00,0.000000000000000000e+00,0.000000000000000000e+00,0.000000000000000000e+00,0.000000000000000000e+00,0.000000000000000000e+00,0.000000000000000000e+00,0.000000000000000000e+00,0.000000000000000000e+00,0.000000000000000000e+00,0.000000000000000000e+00,0.000000000000000000e+00,0.000000000000000000e+00,0.000000000000000000e+00,0.000000000000000000e+00,0.000000000000000000e+00,0.000000000000000000e+00,0.000000000000000000e+00,0.000000000000000000e+00,0.000000000000000000e+00
8.161828447785144936e-32,2.312985629721737171e-27,2.654271406917016584e-23,1.604086420674863793e-19,5.564853510503053297e-16,1.134162542476694327e-12,1.336692869851486574e-09,8.630938066923088503e-07,2.735814879936703295e-04,3.403684056821598691e-02,9.279793815037821192e-01,3.730791457161807684e-02,3.993649190888037956e-04,2.046168531447969762e-06,6.335678366779048198e-09,1.343616974506587890e-11,2.109266659374445082e-14,2.583688242564116534e-17,2.564877601072214597e-20,2.123166323969679839e-23,1.498307120698290863e-26,9.174346477841292212e-30,4.944700164287778547e-33,2.373873955657332655e-36,1.025337713560134242e-39,4.018465863208787320e-43,1.439509393397589822e-46,4.743389004357042160e-50,1.445771101175198148e-53,4.096181117315105552e-57,1.083481624577207507e-60,2.686081327107818103e-64,6.263145635405006709e-68,1.377889745121903349e-71,2.868336838979208208e-75,5.664655444515536401e-79,1.063851801057328585e-82,1.904162644482193348e-86,3.254748924180754656e-90,5.322669558516449090e-94,8.342344437827651859e-98,1.255126956464129200e-101,1.815407770924553983e-105,2.527843940427559313e-109,3.392962296411347632e-113,4.395294312104142447e-117,5.501384243881723423e-121,6.660339492300706445e-125,7.807271297671329397e-129,8.869394327213514089e-133,9.773966681683085330e-137,1.045681190768323487e-140,1.086999166118083103e-144,1.098733965597282339e-148,1.080698673431729682e-152,1.035059388359551216e-156,9.659618874842070430e-161,8.789433805621114062e-165,7.802389609666197632e-169,6.760957061731464190e-173,5.721891554760040931e-177,4.732044785762779856e-181,3.826072133862709300e-185,3.025943797161562815e-189,2.341918708068410277e-193,1.774507868589300723e-197,1.316932749704341828e-201,9.576485276267369442e-206,6.826156057853404594e-210,4.771315377494169822e-214,3.271524845414587162e-218,2.201228825948633074e-222,1.453885956540090723e-226,9.429483187042960113e-231,6.007243223383065108e-235,3.760322532379171964e-239,2.313480993594182570e-243,1.399335878963765891e-247,8.323643398430864445e-252,4.870313396249969145e-256,2.803917098768862267e-260,1.588721135266808045e-264,8.861567525227751564e-269,4.866948875816494706e-273,2.632608872660876236e-277,1.402801766604366626e-281,7.365139817673061527e-286,3.810939803178161365e-290,1.943742439893239156e-294,9.774343077936160920e-299,4.846888529503907698e-303,2.370539458681129469e-307,1.143720755814523800e-311,5.444516906275950115e-316,2.557777848520133359e-320,0.000000000000000000e+00,0.000000000000000000e+00,0.000000000000000000e+00,0.000000000000000000e+00,0.000000000000000000e+00,0.000000000000000000e+00,0.000000000000000000e+00,0.000000000000000000e+00,0.000000000000000000e+00,0.000000000000000000e+00,0.000000000000000000e+00,0.000000000000000000e+00,0.000000000000000000e+00,0.000000000000000000e+00,0.000000000000000000e+00,0.000000000000000000e+00,0.000000000000000000e+00,0.000000000000000000e+00,0.000000000000000000e+00,0.000000000000000000e+00,0.000000000000000000e+00,0.000000000000000000e+00,0.000000000000000000e+00,0.000000000000000000e+00,0.000000000000000000e+00,0.000000000000000000e+00,0.000000000000000000e+00,0.000000000000000000e+00,0.000000000000000000e+00,0.000000000000000000e+00,0.000000000000000000e+00,0.000000000000000000e+00,0.000000000000000000e+00
2.616392935767716642e-35,8.972256150700101896e-31,1.271245057693285212e-26,9.724703113828955970e-23,4.407349204685312674e-19,1.223034336365740966e-15,2.076853672251489337e-12,2.097553573812484997e-09,1.184659947583481122e-06,3.335899256112591555e-04,3.730791457161807684e-02,9.213285315610291182e-01,4.055530434401412310e-02,4.708645743318880749e-04,2.599616897814516889e-06,8.627365393158370066e-09,1.952053554846740053e-11,3.256490316479107069e-14,4.224125407477299255e-17,4.426770899667355001e-20,3.857579566527424466e-23,2.858570418358385065e-26,1.833790854375211017e-29,1.033330939905698906e-32,5.176752174351435344e-36,2.329217330022811463e-39,9.494005381135517114e-43,3.531875420976423072e-46,1.206935043893687419e-49,3.810163575908904644e-53,1.116746379223331872e-56,3.052422784431166295e-60,7.811549886911406469e-64,1.878367563168803135e-67,4.257680467095982256e-71,9.123951783756783821e-75,1.853384383995799084e-78,3.577475937452127999e-82,6.576359621425295959e-86,1.153675815344925352e-89,1.935061210125959444e-93,3.108711920654664769e-97,4.791246780903011859e-101,7.095077435956740057e-105,1.010927846503519405e-108,1.387750351721314532e-112,1.837672103444168976e-116,2.350143423045522008e-120,2.905790586668499752e-124,3.477155609105575989e-128,4.030832088682964837e-132,4.530786912286524486e-136,4.942390153504750238e-140,5.236500659610499988e-144,5.392920413126148248e-148,5.402646547994237912e-152,5.268585398576855515e-156,5.004687814355164444e-160,4.633747833273889669e-164,4.184315753898704937e-168,3.687274614520934761e-172,3.172610184490849037e-176,2.666790794776432742e-180,2.191004280830285183e-184,1.760319194749268276e-188,1.383683611701015653e-192,1.064570639158424030e-196,8.020325226464994915e-201,5.919289259990543495e-205,4.281349715579605451e-209,3.035934724166480584e-213,2.111376455085106576e-217,1.440640435980673834e-221,9.647435828638925230e-226,6.342771508163806118e-230,4.095403266260099554e-234,2.597763414281955885e-238,1.619266236768596611e-242,9.921534434794639917e-247,5.977278366902289745e-251,3.541689255707846528e-255,2.064497507963616356e-259,1.184203389388494141e-263,6.685809539276042072e-268,3.716224946664970572e-272,2.034097388859203679e-276,1.096634156751124732e-280,5.824622521390824784e-285,3.048476192332264157e-289,1.572523946538811549e-293,7.996484808444737299e-298,4.009349586231049596e-302,1.982462487988672275e-306,9.668817511851855284e-311,4.652196557171379902e-315,2.208720469733292676e-319,9.881312916824930884e-324,0.000000000000000000e+00,0.000000000000000000e+00,0.000000000000000000e+00,0.000000000000000000e+00,0.000000000000000000e+00,0.000000000000000000e+00,0.000000000000000000e+00,0.000000000000000000e+00,0.000000000000000000e+00,0.000000000000000000e+00,0.000000000000000000e+00,0.000000000000000000e+00,0.000000000000000000e+00,0.000000000000000000e+00,0.000000000000000000e+00,0.000000000000000000e+00,0.000000000000000000e+00,0.000000000000000000e+00,0.000000000000000000e+00,0.000000000000000000e+00,0.000000000000000000e+00,0.000000000000000000e+00,0.000000000000000000e+00,0.000000000000000000e+00,0.000000000000000000e+00,0.000000000000000000e+00,0.000000000000000000e+00,0.000000000000000000e+00,0.000000000000000000e+00,0.000000000000000000e+00,0.000000000000000000e+00
