9.991588176051160453e-01,8.408285017296946362e-04,3.537938898520625420e-07,9.924347730772847647e-11,2.087924933973854737e-14,3.514129611877466039e-18,4.928779896942373249e-22,5.925353754835592063e-26,6.233000990571598950e-30,5.828107928653980754e-34,4.904564891210132661e-38,3.752154381765443551e-42,2.631312035925356137e-46,1.703342172794701608e-50,1.023874584620846022e-54,5.744184793426922247e-59,3.021212824486439695e-63,1.495565015090198983e-67,6.992068776701223979e-72,3.096884367506132728e-76,1.303070441294657433e-80,5.221815198071283817e-85,1.997430680479614760e-89,7.308306951215937860e-94,2.562585928823541154e-98,8.626037218991416132e-103,2.791970845456508988e-107,8.702018736287523741e-112,2.615380503484156648e-116,7.589440897855247047e-121,2.128930224995099982e-125,5.779265323889990132e-130,1.519831894390493253e-134,3.875738914376370296e-139,9.592868600626093969e-144,2.306499424639609058e-148,5.391675536596212700e-153,1.226294906131606522e-157,2.715715223944836162e-162,5.859931227070773301e-167,1.232836338698127388e-171,2.530430825924359431e-176,5.070118132428726599e-181,9.922532317364551887e-186,1.897766363512342295e-190,3.548976554519949708e-195,6.492593279100088973e-200,1.162500743075288523e-204,2.038097240808970325e-209,3.500271406212447277e-214,5.891211507670593048e-219,9.720919312005786072e-224,1.573174484478322587e-228,2.497893532636197864e-233,3.892719072913084500e-238,5.956117719061883111e-243,8.950517478164321587e-248,1.321436165482288994e-252,1.917304511686906141e-257,2.734714427396251757e-262,3.835602832653546352e-267,5.291474345899228668e-272,7.182206781713392954e-277,9.593791028718196905e-282,1.261488162975440504e-286,1.633212602033140408e-291,2.082436110372669287e-296,2.615590688290652406e-301,3.236933439030514425e-306,3.947822133750617583e-311,4.746051411500286047e-316,5.627407706131798138e-321,0.000000000000000000e+00,0.000000000000000000e+00,0.000000000000000000e+00,0.000000000000000000e+00,0.000000000000000000e+00,0.000000000000000000e+00,0.000000000000000000e+00,0.000000000000000000e+00,0.000000000000000000e+00,0.000000000000000000e+00,0.000000000000000000e+00,0.000000000000000000e+00,0.000000000000000000e+00,0.000000000000000000e+00,0.000000000000000000e+00,0.000000000000000000e+00,0.000000000000000000e+00,0.000000000000000000e+00,0.000000000000000000e+00,0.000000000000000000e+00,0.000000000000000000e+00,0.000000000000000000e+00,0.000000000000000000e+00,0.000000000000000000e+00,0.000000000000000000e+00,0.000000000000000000e+00,0.000000000000000000e+00,0.000000000000000000e+00,0.000000000000000000e+00,0.000000000000000000e+00,0.000000000000000000e+00,0.000000000000000000e+00,0.000000000000000000e+00,0.000000000000000000e+00,0.000000000000000000e+00,0.000000000000000000e+00,0.000000000000000000e+00,0.000000000000000000e+00,0.000000000000000000e+00,0.000000000000000000e+00,0.000000000000000000e+00,0.000000000000000000e+00,0.000000000000000000e+00,0.000000000000000000e+00,0.000000000000000000e+00,0.000000000000000000e+00,0.000000000000000000e+00,0.000000000000000000e+00,0.000000000000000000e+00,0.000000000000000000e+00,0.000000000000000000e+00,0.000000000000000000e+00,0.000000000000000000e+00,0.000000000000000000e+00,0.000000000000000000e+00,0.000000000000000000e+00
8.408285017296946362e-04,9.974778681894364007e-01,1.680242125630413601e-03,1.060786292209338800e-06,3.968068928068441058e-10,1.043611083598418797e-13,2.107886355016322863e-17,3.449316428197992313e-21,4.739285776162951945e-25,5.608651881132932871e-29,5.827127056949436487e-33,5.394195937942901313e-37,4.501953765373358742e-41,3.420262792072279917e-45,2.384392365645165464e-49,1.535639556221407355e-53,9.189728906803848319e-58,5.135553322107539006e-62,2.691765318570476746e-66,1.328375388573408362e-70,6.193247517801559375e-75,2.736228614874810399e-79,1.148711458306652196e-83,4.593754389133562537e-88,1.753870666323750821e-92,6.406033527457028712e-97,2.242624496803348474e-101,7.537851381043878189e-106,2.436418787053250967e-110,7.584163278918773683e-115,2.276704535334646055e-119,6.599325387898194836e-124,1.849267635682549062e-128,5.015189455981853651e-133,1.317686000188756030e-137,3.357342557200410397e-142,8.303009732601250004e-147,1.994829203749516812e-151,4.659714251228457032e-156,1.059083230368048908e-160,2.343873864958688987e-165,5.054421495464046777e-170,1.062738358322586998e-174,2.180065464001439518e-179,4.365747217797454001e-184,8.539629230902225169e-189,1.632469483767383360e-193,3.051409567085479300e-198,5.579807911141399255e-203,9.986333456311745313e-208,1.750076791486912704e-212,3.004418716353071296e-217,5.054714433420505777e-222,8.337559993122718237e-227,1.348820466585146400e-231,2.140929973308514587e-236,3.335325677632117145e-241,5.101644319942837190e-246,7.664107354087397038e-251,1.131177392495167938e-255,1.640782629526539449e-260,2.339653172376938387e-265,3.280625035697837487e-270,4.524669391519827950e-275,6.139864788956373504e-280,8.199460743076508030e-285,1.077892829360459910e-289,1.395197145254576786e-294,1.778557646015271977e-299,2.233429593317832942e-304,2.763409049305316064e-309,3.369616611256204918e-314,4.050152538348202671e-319,4.940656458412465442e-324,0.000000000000000000e+00,0.000000000000000000e+00,0.000000000000000000e+00,0.000000000000000000e+00,0.000000000000000000e+00,0.000000000000000000e+00,0.000000000000000000e+00,0.000000000000000000e+00,0.000000000000000000e+00,0.000000000000000000e+00,0.000000000000000000e+00,0.000000000000000000e+00,0.000000000000000000e+00,0.000000000000000000e+00,0.000000000000000000e+00,0.000000000000000000e+00,0.000000000000000000e+00,0.000000000000000000e+00,0.000000000000000000e+00,0.000000000000000000e+00,0.000000000000000000e+00,0.000000000000000000e+00,0.000000000000000000e+00,0.000000000000000000e+00,0.000000000000000000e+00,0.000000000000000000e+00,0.000000000000000000e+00,0.000000000000000000e+00,0.000000000000000000e+00,0.000000000000000000e+00,0.000000000000000000e+00,0.000000000000000000e+00,0.000000000000000000e+00,0.000000000000000000e+00,0.000000000000000000e+00,0.000000000000000000e+00,0.000000000000000000e+00,0.000000000000000000e+00,0.000000000000000000e+00,0.000000000000000000e+00,0.000000000000000000e+00,0.000000000000000000e+00,0.000000000000000000e+00,0.000000000000000000e+00,0.000000000000000000e+00,0.000000000000000000e+00,0.000000000000000000e+00,0.000000000000000000e+00,0.000000000000000000e+00,0.000000000000000000e+00,0.000000000000000000e+00,0.000000000000000000e+00,0.000000000000000000e+00,0.000000000000000000e+00
3.537938898520625420e-07,1.680242125630413601e-03,9.957990403462996243e-01,2.518242359853247857e-03,2.120382414203403535e-06,9.915998490631963690e-10,3.129779425879434345e-13,7.375532839308966271e-17,1.379394846202149008e-20,2.132229935967068123e-24,2.803801528554190695e-28,3.204380488552510561e-32,3.236022369951690292e-36,2.925859532563213580e-40,2.393873994909164970e-44,1.788079292019065875e-48,1.228373803393637961e-52,7.810447906402840615e-57,4.621540402377233342e-61,2.556937951249772385e-65,1.328257719737094868e-69,6.502362660578377022e-74,3.009610252228877338e-78,1.320917116557079364e-82,5.512101884701750123e-87,2.192184591011128314e-91,8.327282939732075686e-96,3.027347089955249610e-100,1.055233411137288997e-104,3.532594888066664560e-109,1.137558468428121548e-113,3.528694052963002620e-118,1.055834735593751651e-122,3.051131115051744405e-127,8.525387244659644087e-132,2.305836352176767885e-136,6.042926001307838570e-141,1.535984987564629230e-145,3.790003079760640831e-150,9.086040342952773960e-155,2.118075050690904664e-159,4.804739248535979503e-164,1.061384942243219489e-168,2.284795908604043690e-173,4.795956295593272907e-178,9.822555500111022653e-183,1.964041262697498520e-187,3.836162923351839955e-192,7.323120712478959935e-197,1.367005004266396199e-201,2.496497611080986076e-206,4.462545598669553125e-211,7.811230874290550349e-216,1.339455969908526566e-220,2.251069711246966403e-225,3.709140673824188083e-230,5.994420483805091232e-235,9.505392491391552892e-240,1.479433167705105355e-244,2.260846061659115662e-249,3.393435372023763680e-254,5.004246641882330081e-259,7.252724717666245768e-264,1.033368833491019373e-268,1.447855524404594901e-273,1.995403580217689049e-278,2.705751982648626720e-283,3.610848895950532137e-288,4.743551131273647842e-293,6.135872006507341518e-298,7.816812902583993400e-303,9.809866253328853685e-308,1.213033224240947603e-312,1.478264174982843310e-317,1.778636325028487559e-322,0.000000000000000000e+00,0.000000000000000000e+00,0.000000000000000000e+00,0.000000000000000000e+00,0.000000000000000000e+00,0.000000000000000000e+00,0.000000000000000000e+00,0.000000000000000000e+00,0.000000000000000000e+00,0.000000000000000000e+00,0.000000000000000000e+00,0.000000000000000000e+00,0.000000000000000000e+00,0.000000000000000000e+00,0.000000000000000000e+00,0.000000000000000000e+00,0.000000000000000000e+00,0.000000000000000000e+00,0.000000000000000000e+00,0.000000000000000000e+00,0.000000000000000000e+00,0.000000000000000000e+00,0.000000000000000000e+00,0.000000000000000000e+00,0.000000000000000000e+00,0.000000000000000000e+00,0.000000000000000000e+00,0.000000000000000000e+00,0.000000000000000000e+00,0.000000000000000000e+00,0.000000000000000000e+00,0.000000000000000000e+00,0.000000000000000000e+00,0.000000000000000000e+00,0.000000000000000000e+00,0.000000000000000000e+00,0.000000000000000000e+00,0.000000000000000000e+00,0.000000000000000000e+00,0.000000000000000000e+00,0.000000000000000000e+00,0.000000000000000000e+00,0.000000000000000000e+00,0.000000000000000000e+00,0.000000000000000000e+00,0.000000000000000000e+00,0.000000000000000000e+00,0.000000000000000000e+00,0.000000000000000000e+00,0.000000000000000000e+00,0.000000000000000000e+00,0.000000000000000000e+00,0.000000000000000000e+00
9.924347730772847647e-11,1.060786292209338800e-06,2.518242359853247857e-03,9.941223320920882234e-01,3.354830691380546182e-03,3.531988047022692615e-06,1.982365248322682637e-09,7.300360494282093105e-13,1.966257060017951578e-16,4.137189587690612417e-20,7.105937872684194555e-24,1.027868310225033283e-27,1.281536472974935437e-31,1.402061808223406603e-35,1.365209614058011031e-39,1.196782037031558468e-43,9.535276452198407124e-48,6.960003868493517241e-52,4.685775795546607167e-56,2.926685810637601626e-60,1.704465914417179289e-64,9.296980427444049094e-69,4.767998013107628515e-73,2.307182936024877429e-77,1.056652850899815848e-81,4.593082109455108729e-86,1.899760078392270216e-90,7.494050097709131093e-95,2.825341046898902571e-99,1.019995378523896811e-103,3.532382547450362238e-108,1.175408863745859352e-112,3.763729159557334337e-117,1.161355153406282338e-121,3.457766724812114754e-126,9.945777842001231639e-131,2.766866651511604018e-135,7.452583676569943035e-140,1.945490025352694414e-144,4.926779884177414004e-149,1.211418388480836581e-153,2.894577647539677869e-158,6.726351915233561964e-163,1.521255966829066669e-167,3.350899713980126146e-172,7.193652866471406740e-177,1.506067565406560797e-181,3.076882894508044998e-186,6.137636103890147920e-191,1.196066883963514084e-195,2.278261786611238192e-200,4.243900163700063995e-205,7.734818665694417866e-210,1.379938580026323519e-214,2.410942709431133738e-219,4.126830082099827422e-224,6.923513460471533364e-229,1.138905039102850273e-233,1.837653983274895631e-238,2.909465985014298199e-243,4.521560911500284851e-248,6.899788424244407754e-253,1.034181961973599951e-257,1.523030167352589603e-262,2.204460333851093043e-267,3.136936496520971005e-272,4.389772431866693355e-277,6.042689625537382630e-282,8.184382115981496563e-287,1.090989353480220638e-291,1.431668032198537743e-296,1.849933928517682994e-301,2.354311292941233914e-306,2.951644208258533531e-311,3.646299672758353104e-316,4.441650156112806432e-321,0.000000000000000000e+00,0.000000000000000000e+00,0.000000000000000000e+00,0.000000000000000000e+00,0.000000000000000000e+00,0.000000000000000000e+00,0.000000000000000000e+00,0.000000000000000000e+00,0.000000000000000000e+00,0.000000000000000000e+00,0.000000000000000000e+00,0.000000000000000000e+00,0.000000000000000000e+00,0.000000000000000000e+00,0.000000000000000000e+00,0.000000000000000000e+00,0.000000000000000000e+00,0.000000000000000000e+00,0.000000000000000000e+00,0.000000000000000000e+00,0.000000000000000000e+00,0.000000000000000000e+00,0.000000000000000000e+00,0.000000000000000000e+00,0.000000000000000000e+00,0.000000000000000000e+00,0.000000000000000000e+00,0.000000000000000000e+00,0.000000000000000000e+00,0.000000000000000000e+00,0.000000000000000000e+00,0.000000000000000000e+00,0.000000000000000000e+00,0.000000000000000000e+00,0.000000000000000000e+00,0.000000000000000000e+00,0.000000000000000000e+00,0.000000000000000000e+00,0.000000000000000000e+00,0.000000000000000000e+00,0.000000000000000000e+00,0.000000000000000000e+00,0.000000000000000000e+00,0.000000000000000000e+00,0.000000000000000000e+00,0.000000000000000000e+00,0.000000000000000000e+00,0.000000000000000000e+00,0.000000000000000000e+00,0.000000000000000000e+00,0.000000000000000000e+00,0.000000000000000000e+00
2.087924933973854737e-14,3.968068928068441058e-10,2.120382414203403535e-06,3.354830691380546182e-03,9.924477414446460921e-01,4.190008606026645807e-03,5.295009565491183383e-06,3.467679450400753697e-09,1.459580617332718796e-12,4.422837389820804404e-16,1.034048715260636645e-19,1.953721803706871910e-23,3.083028282402250953e-27,4.164292551852370783e-31,4.906465506578110316e-35,5.118818020295369022e-39,4.786508383815577793e-43,4.052005312413736093e-47,3.131650321192557752e-51,2.225509376350347602e-55,1.463198030497370416e-59,8.947609348188031363e-64,5.112886288323562309e-68,2.741368145484133789e-72,1.384198815894917646e-76,6.603575091275836849e-81,2.985284903732834505e-85,1.282248126268643358e-89,5.245481908081355922e-94,2.048239662225288688e-98,7.649488476309416615e-103,2.737431920017625286e-107,9.402725178740735628e-112,3.104902356278009280e-116,9.870982858749665972e-121,3.025386754238014505e-125,8.950743531651930960e-130,2.559224960562428399e-134,7.079614036762192071e-139,1.896764093885565694e-143,4.926555774726597728e-148,1.241648851920218197e-152,3.039175367681703285e-157,7.230524061351571958e-162,1.673312870873525879e-166,3.769611113242056891e-171,8.272376995516161079e-176,1.769561698662668448e-180,3.692121378057007513e-185,7.518329134719696138e-190,1.495030066341630879e-194,2.904681925327580002e-199,5.516880711575333705e-204,1.024828975064482252e-208,1.862855604562197132e-213,3.314938928852185154e-218,5.777378643451499079e-223,9.865699179468852205e-228,1.651361771642629207e-232,2.710458160959427139e-237,4.364070114085142617e-242,6.895180297772856107e-247,1.069436697629338341e-251,1.628790899555337532e-256,2.436781032232628419e-261,3.582150798199450690e-266,5.175806942438120789e-271,7.352675458697331062e-276,1.027230637287317809e-280,1.411769912608225648e-285,1.909183408039084958e-290,2.541147859821873801e-295,3.329799848129986703e-300,4.296514802743921535e-305,5.460412342471243670e-310,6.836652045069005396e-315,8.434688705801761002e-320,0.000000000000000000e+00,0.000000000000000000e+00,0.000000000000000000e+00,0.000000000000000000e+00,0.000000000000000000e+00,0.000000000000000000e+00,0.000000000000000000e+00,0.000000000000000000e+00,0.000000000000000000e+00,0.000000000000000000e+00,0.000000000000000000e+00,0.000000000000000000e+00,0.000000000000000000e+00,0.000000000000000000e+00,0.000000000000000000e+00,0.000000000000000000e+00,0.000000000000000000e+00,0.000000000000000000e+00,0.000000000000000000e+00,0.000000000000000000e+00,0.000000000000000000e+00,0.000000000000000000e+00,0.000000000000000000e+00,0.000000000000000000e+00,0.000000000000000000e+00,0.000000000000000000e+00,0.000000000000000000e+00,0.000000000000000000e+00,0.000000000000000000e+00,0.000000000000000000e+00,0.000000000000000000e+00,0.000000000000000000e+00,0.000000000000000000e+00,0.000000000000000000e+00,0.000000000000000000e+00,0.000000000000000000e+00,0.000000000000000000e+00,0.000000000000000000e+00,0.000000000000000000e+00,0.000000000000000000e+00,0.000000000000000000e+00,0.000000000000000000e+00,0.000000000000000000e+00,0.000000000000000000e+00,0.000000000000000000e+00,0.000000000000000000e+00,0.000000000000000000e+00,0.000000000000000000e+00,0.000000000000000000e+00,0.000000000000000000e+00,0.000000000000000000e+00
3.514129611877466039e-18,1.043611083598418797e-13,9.915998490631963690e-10,3.531988047022692615e-06,4.190008606026645807e-03,9.907752664232762907e-01,5.023777588438612177e-03,7.408853927647326047e-06,5.545952430463638592e-09,2.626360717433156273e-12,8.843193435696279996e-16,2.274360197238093244e-19,4.687945857865439741e-23,8.014374515091728166e-27,1.165805670162686778e-30,1.471714438339941514e-34,1.637792027106091370e-38,1.627202156938191193e-42,1.458546548133031585e-46,1.189893597109247526e-50,8.901101094878254427e-55,6.144823312406222649e-59,3.936579997618828040e-63,2.351719355109361588e-67,1.315745977144367882e-71,6.920439394322957363e-76,3.433596349164062835e-80,1.611935884065631235e-84,7.180085952494988818e-89,3.042174687229057081e-93,1.228864244323968301e-97,4.742387218588189253e-102,1.751851120308404547e-106,6.205438455914916668e-111,2.111215152564848331e-115,6.909312859532213792e-120,2.178163895405856952e-124,6.623212401048518893e-129,1.944914688740457119e-133,5.521833405603193277e-138,1.517340333713755718e-142,4.039591973775478893e-147,1.042938840763838335e-151,2.613578021491253604e-156,6.362593447295884760e-161,1.505919762919220669e-165,3.467903249900506386e-170,7.775730014692842781e-175,1.698714250111794795e-179,3.618143622056906159e-184,7.518054052132032903e-189,1.524876060218628144e-193,3.020763279311151658e-198,5.847692689791585556e-203,1.106778036320263699e-207,2.049073540908031444e-212,3.712611431957813262e-217,6.586002502618575791e-222,1.144385435722483201e-226,1.948547260980120942e-231,3.252452038818352341e-236,5.324008330393667720e-241,8.549775461968496160e-246,1.347451799858425708e-250,2.084793869149975501e-255,3.167727938103637353e-260,4.728310694592848408e-265,6.935396016837719440e-270,9.999375654726923292e-275,1.417541573705183809e-279,1.976427475569240732e-284,2.710972337130867897e-289,3.659162348213035506e-294,4.861389195267005415e-299,6.358689017537992754e-304,8.190424354067341470e-309,1.039146819233574186e-313,1.298903523573095577e-318,1.482196937523739633e-323,0.000000000000000000e+00,0.000000000000000000e+00,0.000000000000000000e+00,0.000000000000000000e+00,0.000000000000000000e+00,0.000000000000000000e+00,0.000000000000000000e+00,0.000000000000000000e+00,0.000000000000000000e+00,0.000000000000000000e+00,0.000000000000000000e+00,0.000000000000000000e+00,0.000000000000000000e+00,0.000000000000000000e+00,0.000000000000000000e+00,0.000000000000000000e+00,0.000000000000000000e+00,0.000000000000000000e+00,0.000000000000000000e+00,0.000000000000000000e+00,0.000000000000000000e+00,0.000000000000000000e+00,0.000000000000000000e+00,0.000000000000000000e+00,0.000000000000000000e+00,0.000000000000000000e+00,0.000000000000000000e+00,0.000000000000000000e+00,0.000000000000000000e+00,0.000000000000000000e+00,0.000000000000000000e+00,0.000000000000000000e+00,0.000000000000000000e+00,0.000000000000000000e+00,0.000000000000000000e+00,0.000000000000000000e+00,0.000000000000000000e+00,0.000000000000000000e+00,0.000000000000000000e+00,0.000000000000000000e+00,0.000000000000000000e+00,0.000000000000000000e+00,0.000000000000000000e+00,0.000000000000000000e+00,0.000000000000000000e+00,0.000000000000000000e+00,0.000000000000000000e+00,0.000000000000000000e+00,0.000000000000000000e+00
4.928779896942373249e-22,2.107886355016322863e-17,3.129779425879434345e-13,1.982365248322682637e-09,5.295009565491183383e-06,5.023777588438612177e-03,9.891049050487410454e-01,5.856139122096981620e-03,9.872928674323198543e-06,8.315427936701336503e-09,4.375794327611286359e-12,1.620797335316105553e-15,4.547626688395565268e-19,1.015507909615664733e-22,1.869671011191160667e-26,2.914023643336041363e-30,3.923971353945207848e-34,4.639759902984209138e-38,4.880974469047307398e-42,4.618175479891694698e-46,3.965866955596966790e-50,3.115057672985886376e-54,2.252878816937933165e-58,1.508881234293780391e-62,9.406044142333586466e-67,5.481813556470531029e-71,2.998616726133776160e-75,1.545000151736183559e-79,7.521816999983309456e-84,3.470131509037903461e-88,1.520984940647322406e-92,6.348720931229979773e-97,2.529115519980842145e-101,9.634601999145152183e-106,3.516211044835212531e-110,1.231473080482586778e-114,4.145362642793195811e-119,1.343130422445120037e-123,4.194487250245161550e-128,1.264131967898454115e-132,3.681045250082528850e-137,1.036800753653758638e-141,2.827585754366879439e-146,7.474063976863768841e-151,1.916541169827600836e-155,4.771744298797504752e-160,1.154491090829192011e-164,2.716415353546083040e-169,6.220340532302474211e-174,1.387230238771748156e-178,3.015006915520323072e-183,6.390112132576786539e-188,1.321511927410050945e-192,2.668247334629375430e-197,5.262742648929288038e-202,1.014512382411641351e-206,1.912405524407343260e-211,3.526866704081229907e-216,6.366266913006624522e-221,1.125277271599396710e-225,1.948487633230380438e-230,3.306560192187553963e-235,5.501312830412256293e-240,8.977003729929154731e-245,1.437240919244034259e-249,2.258463337537506355e-254,3.484404590366683079e-259,5.279803611904801535e-264,7.859905500482279840e-269,1.149897959636097135e-273,1.653755680379951279e-278,2.338712871802500023e-283,3.253085083853289769e-288,4.451870666284758756e-293,5.995567092001157153e-298,7.948170163331449453e-303,1.037429158539797103e-307,1.333540577941041103e-312,1.688533079130773586e-317,2.124482277117360140e-322,0.000000000000000000e+00,0.000000000000000000e+00,0.000000000000000000e+00,0.000000000000000000e+00,0.000000000000000000e+00,0.000000000000000000e+00,0.000000000000000000e+00,0.000000000000000000e+00,0.000000000000000000e+00,0.000000000000000000e+00,0.000000000000000000e+00,0.000000000000000000e+00,0.000000000000000000e+00,0.000000000000000000e+00,0.000000000000000000e+00,0.000000000000000000e+00,0.000000000000000000e+00,0.000000000000000000e+00,0.000000000000000000e+00,0.000000000000000000e+00,0.000000000000000000e+00,0.000000000000000000e+00,0.000000000000000000e+00,0.000000000000000000e+00,0.000000000000000000e+00,0.000000000000000000e+00,0.000000000000000000e+00,0.000000000000000000e+00,0.000000000000000000e+00,0.000000000000000000e+00,0.000000000000000000e+00,0.000000000000000000e+00,0.000000000000000000e+00,0.000000000000000000e+00,0.000000000000000000e+00,0.000000000000000000e+00,0.000000000000000000e+00,0.000000000000000000e+00,0.000000000000000000e+00,0.000000000000000000e+00,0.000000000000000000e+00,0.000000000000000000e+00,0.000000000000000000e+00,0.000000000000000000e+00,0.000000000000000000e+00,0.000000000000000000e+00,0.000000000000000000e+00,0.000000000000000000e+00
5.925353754835592063e-26,3.449316428197992313e-21,7.375532839308966271e-17,7.300360494282093105e-13,3.467679450400753697e-09,7.408853927647326047e-06,5.856139122096981620e-03,9.874366553432604166e-01,6.687094689316491238e-03,1.268664192872393392e-05,1.187418364789244550e-08,6.873933388986703580e-12,2.777730272950102956e-15,8.443561710726383301e-19,2.030588518308086673e-22,4.005688637834565088e-26,6.659504434451493260e-30,9.528186618032180311e-34,1.192913781499008635e-37,1.324664405391869367e-41,1.319320082444481555e-45,1.189626590761167215e-49,9.789151416699791213e-54,7.401583257858654470e-58,5.172823368044340565e-62,3.359003905784896932e-66,2.035930834255396222e-70,1.156516611513056402e-74,6.179527820779843996e-79,3.115953297608812136e-83,1.487094924755130762e-87,6.735336982526805061e-92,2.902084552944087968e-96,1.192222994144516550e-100,4.679382537249032049e-105,1.758003488149330317e-109,6.332934818310913947e-114,2.191001293287794997e-118,7.290895947029798503e-123,2.336809423321456373e-127,7.223253663823789301e-132,2.155937110920613464e-136,6.220513689032487591e-141,1.736866524474180486e-145,4.697774992571801101e-150,1.232009010484171563e-154,3.135585742022131839e-159,7.751264833967601459e-164,1.862610170730284852e-168,4.354067943590673396e-173,9.908408394948605568e-178,2.196565737977441081e-182,4.746766758912361963e-187,1.000537486118658203e-191,2.058290055602533379e-196,4.134870051080405424e-201,8.115825861343978394e-206,1.557193107481565659e-210,2.922166399783236313e-215,5.365683143486453049e-220,9.644933135613546968e-225,1.697915834923292821e-229,2.928579578590007626e-234,4.951035351755639317e-239,8.207308098090740025e-244,1.334542782670441826e-248,2.129348557529400363e-253,3.334980946388464754e-258,5.128812848649270212e-263,7.747414156198542926e-268,1.149867719767745467e-272,1.677337328621467380e-277,2.405471896139261799e-282,3.392417795123900065e-287,4.706146791329383560e-292,6.423665192908778616e-297,8.629234407243285875e-302,1.141145022757662215e-306,1.485910480116858835e-311,1.905586295101137522e-316,2.406099695246870670e-321,0.000000000000000000e+00,0.000000000000000000e+00,0.000000000000000000e+00,0.000000000000000000e+00,0.000000000000000000e+00,0.000000000000000000e+00,0.000000000000000000e+00,0.000000000000000000e+00,0.000000000000000000e+00,0.000000000000000000e+00,0.000000000000000000e+00,0.000000000000000000e+00,0.000000000000000000e+00,0.000000000000000000e+00,0.000000000000000000e+00,0.000000000000000000e+00,0.000000000000000000e+00,0.000000000000000000e+00,0.000000000000000000e+00,0.000000000000000000e+00,0.000000000000000000e+00,0.000000000000000000e+00,0.000000000000000000e+00,0.000000000000000000e+00,0.000000000000000000e+00,0.000000000000000000e+00,0.000000000000000000e+00,0.000000000000000000e+00,0.000000000000000000e+00,0.000000000000000000e+00,0.000000000000000000e+00,0.000000000000000000e+00,0.000000000000000000e+00,0.000000000000000000e+00,0.000000000000000000e+00,0.000000000000000000e+00,0.000000000000000000e+00,0.000000000000000000e+00,0.000000000000000000e+00,0.000000000000000000e+00,0.000000000000000000e+00,0.000000000000000000e+00,0.000000000000000000e+00,0.000000000000000000e+00,0.000000000000000000e+00,0.000000000000000000e+00,0.000000000000000000e+00
6.233000990571598950e-30,4.739285776162951945e-25,1.379394846202149008e-20,1.966257060017951578e-16,1.459580617332718796e-12,5.545952430463638592e-09,9.872928674323198543e-06,6.687094689316491238e-03,9.857705153305110768e-01,7.516645771246802284e-03,1.584940239600737431e-05,1.632013133086087158e-08,1.030742889480030552e-11,4.512545425783358173e-15,1.477268005133453072e-18,3.806552441792479376e-22,8.009879055310595008e-26,1.414906510436261380e-29,2.143513964957256133e-33,2.832772860680626752e-37,3.311232262210444448e-41,3.462798871304488679e-45,3.271106050723365816e-49,2.814084983169073875e-53,2.220255142038313221e-57,1.616356153475212173e-61,1.091579566306329050e-65,6.870688327582680213e-70,4.047483725722278854e-74,2.239907462874295408e-78,1.168396981121987856e-82,5.762088724260004252e-87,2.693953417422785197e-91,1.197032385499251438e-95,5.066631874176526741e-100,2.047106802544347738e-104,7.910556568668321333e-109,2.928818031717452191e-113,1.040669110970605864e-117,3.554124832924175806e-122,1.168345120890709572e-126,3.701734251230313432e-131,1.131812554647367778e-135,3.343369792386139262e-140,9.552331347183530266e-145,2.642381394226851634e-149,7.083746095126989970e-154,1.842079111883460376e-158,4.650567985450497973e-163,1.140803012466029042e-167,2.721185950727855794e-172,6.316368732578047180e-177,1.427714329210592391e-181,3.144617917334535408e-186,6.753386185016084897e-191,1.415024795345359821e-195,2.894309617982248708e-200,5.782331279156864321e-205,1.128927745692686979e-209,2.155027966672795253e-214,4.024134563528404682e-219,7.354032299508328366e-224,1.315844504481427233e-228,2.306187104293433783e-233,3.960711328335857466e-238,6.668244322732191468e-243,1.100966388088146980e-247,1.783279392648005712e-252,2.834655590695589656e-257,4.423480998036649191e-262,6.778806283982033466e-267,1.020480764111062091e-271,1.509564507147719678e-276,2.194937130764880713e-281,3.137907633127824098e-286,4.411903415375841015e-291,6.102333080059090113e-296,8.305438418029774347e-301,1.112590022464397885e-305,1.467302298801399327e-310,1.905542343021283485e-315,2.437225830934869202e-320,0.000000000000000000e+00,0.000000000000000000e+00,0.000000000000000000e+00,0.000000000000000000e+00,0.000000000000000000e+00,0.000000000000000000e+00,0.000000000000000000e+00,0.000000000000000000e+00,0.000000000000000000e+00,0.000000000000000000e+00,0.000000000000000000e+00,0.000000000000000000e+00,0.000000000000000000e+00,0.000000000000000000e+00,0.000000000000000000e+00,0.000000000000000000e+00,0.000000000000000000e+00,0.000000000000000000e+00,0.000000000000000000e+00,0.000000000000000000e+00,0.000000000000000000e+00,0.000000000000000000e+00,0.000000000000000000e+00,0.000000000000000000e+00,0.000000000000000000e+00,0.000000000000000000e+00,0.000000000000000000e+00,0.000000000000000000e+00,0.000000000000000000e+00,0.000000000000000000e+00,0.000000000000000000e+00,0.000000000000000000e+00,0.000000000000000000e+00,0.000000000000000000e+00,0.000000000000000000e+00,0.000000000000000000e+00,0.000000000000000000e+00,0.000000000000000000e+00,0.000000000000000000e+00,0.000000000000000000e+00,0.000000000000000000e+00,0.000000000000000000e+00,0.000000000000000000e+00,0.000000000000000000e+00,0.000000000000000000e+00,0.000000000000000000e+00
5.828107928653980754e-34,5.608651881132932871e-29,2.132229935967068123e-24,4.137189587690612417e-20,4.422837389820804404e-16,2.626360717433156273e-12,8.315427936701336503e-09,1.268664192872393392e-05,7.516645771246802284e-03,9.841064830356260895e-01,8.344793847873272982e-03,1.936061936286394852e-05,2.175101699782447807e-08,1.488349601167209668e-11,7.017545870029248364e-15,2.461521318300983859e-18,6.765780570530208542e-22,1.512694207990693984e-25,2.829336733635170157e-29,4.524503754463073177e-33,6.294167875313931370e-37,7.725208317091900845e-41,8.463601848964786489e-45,8.358555265037387584e-49,7.503437238034413014e-53,6.166764799663853032e-57,4.669036719237546958e-61,3.274448614753757056e-65,2.137367598194989781e-69,1.304084675113260690e-73,7.465787011804433277e-78,4.024183992754076870e-82,2.048598984130227495e-86,9.877164197305790007e-91,4.521829614033912770e-95,1.970234016557340669e-99,8.187935009246444939e-104,3.251928958600779090e-108,1.236542681370838509e-112,4.509321312813506965e-117,1.579527956157619873e-121,5.322189650858296192e-126,1.727390470723222737e-130,5.407288836846989239e-135,1.634459925572989450e-139,4.775948414632644338e-144,1.350490673016356029e-148,3.699129983010246249e-153,9.824008552269668666e-158,2.531871964832758761e-162,6.337540539835958488e-167,1.541945016472160961e-171,3.649317893009205922e-176,8.407336591967072821e-181,1.886701716632826450e-185,4.126921545573130701e-190,8.804290003824098653e-195,1.832999795606296673e-199,3.726265833760557262e-204,7.400504321228673077e-209,1.436638810494550904e-213,2.727382368680213927e-218,5.065953239909055102e-223,9.210629666829738892e-228,1.639905985786434221e-232,2.860429273498876781e-237,4.889903935644432455e-242,8.195849305692377979e-247,1.347328857149636195e-251,2.173175990644555539e-256,3.440391824603418382e-261,5.347582091249367918e-266,8.163631421028660465e-271,1.224392840294030443e-275,1.804680063013758580e-280,2.614857339776378230e-285,3.725515116209293057e-290,5.220757619393357956e-295,7.197873560674841513e-300,9.765836468946108615e-305,1.304238221585392855e-309,1.714948569139584107e-314,2.220726264927234967e-319,4.940656458412465442e-324,0.000000000000000000e+00,0.000000000000000000e+00,0.000000000000000000e+00,0.000000000000000000e+00,0.000000000000000000e+00,0.000000000000000000e+00,0.000000000000000000e+00,0.000000000000000000e+00,0.000000000000000000e+00,0.000000000000000000e+00,0.000000000000000000e+00,0.000000000000000000e+00,0.000000000000000000e+00,0.000000000000000000e+00,0.000000000000000000e+00,0.000000000000000000e+00,0.000000000000000000e+00,0.000000000000000000e+00,0.000000000000000000e+00,0.000000000000000000e+00,0.000000000000000000e+00,0.000000000000000000e+00,0.000000000000000000e+00,0.000000000000000000e+00,0.000000000000000000e+00,0.000000000000000000e+00,0.000000000000000000e+00,0.000000000000000000e+00,0.000000000000000000e+00,0.000000000000000000e+00,0.000000000000000000e+00,0.000000000000000000e+00,0.000000000000000000e+00,0.000000000000000000e+00,0.000000000000000000e+00,0.000000000000000000e+00,0.000000000000000000e+00,0.000000000000000000e+00,0.000000000000000000e+00,0.000000000000000000e+00,0.000000000000000000e+00,0.000000000000000000e+00,0.000000000000000000e+00,0.000000000000000000e+00
4.904564891210132661e-38,5.827127056949436487e-33,2.803801528554190695e-28,7.105937872684194555e-24,1.034048715260636645e-19,8.843193435696279996e-16,4.375794327611286359e-12,1.187418364789244550e-08,1.584940239600737431e-05,8.344793847873272982e-03,9.824445564851942425e-01,9.171540398017652418e-03,2.321970269709686303e-05,2.826442106363583439e-08,2.082987923321167201e-11,1.052336571939708350e-14,3.937487085070804155e-18,1.149940704110759260e-21,2.722340360445141283e-25,5.374834993544331566e-29,9.047622924421863765e-33,1.321589864319720112e-36,1.699325792392827032e-40,1.946394401190052837e-44,2.005828173910514349e-48,1.875661983719788887e-52,1.603200108522736837e-56,1.260522039410273921e-60,9.167643955798927934e-65,6.197844421276867976e-69,3.911940473708699635e-73,2.314216915600622036e-77,1.287644645145043010e-81,6.759902558045172838e-86,3.358009742043088707e-90,1.582537915506425477e-94,7.092400322436117702e-99,3.029353849834771881e-103,1.235661286457751788e-107,4.822245904065743879e-112,1.803630596469066578e-116,6.475724007030471745e-121,2.235205647812687957e-125,7.427411335359675499e-130,2.379092678081091176e-134,7.354725802767042069e-139,2.196836336096049072e-143,6.347025033847904946e-148,1.775505765776973033e-152,4.813561643921050212e-157,1.265884015345853774e-161,3.232016153775752391e-166,8.017800248643831697e-171,1.934064499723387921e-175,4.539791958716750336e-180,1.037647976950139984e-184,2.310993306213678616e-189,5.018269336308554900e-194,1.063103364472950802e-198,2.198422837718104253e-203,4.440156057206019444e-208,8.763213099325124722e-213,1.690923370045816781e-217,3.191451067371086344e-222,5.894622598936230806e-227,1.065906854270051554e-231,1.887827576143604915e-236,3.276140565929958104e-241,5.573018544539649202e-246,9.296308335582074888e-251,1.521181221044506374e-255,2.442611886029090493e-260,3.850156244823862282e-265,5.959294216383074682e-270,9.060272411700534004e-275,1.353475531422602051e-279,1.987241656723997085e-284,2.868575637731493239e-289,4.072091613233169930e-294,5.686183392252743042e-299,7.812483974701379890e-304,1.056408264404674997e-308,1.406225404654225867e-313,1.843151417062437533e-318,2.470328229206232721e-323,0.000000000000000000e+00,0.000000000000000000e+00,0.000000000000000000e+00,0.000000000000000000e+00,0.000000000000000000e+00,0.000000000000000000e+00,0.000000000000000000e+00,0.000000000000000000e+00,0.000000000000000000e+00,0.000000000000000000e+00,0.000000000000000000e+00,0.000000000000000000e+00,0.000000000000000000e+00,0.000000000000000000e+00,0.000000000000000000e+00,0.000000000000000000e+00,0.000000000000000000e+00,0.000000000000000000e+00,0.000000000000000000e+00,0.000000000000000000e+00,0.000000000000000000e+00,0.000000000000000000e+00,0.000000000000000000e+00,0.000000000000000000e+00,0.000000000000000000e+00,0.000000000000000000e+00,0.000000000000000000e+00,0.000000000000000000e+00,0.000000000000000000e+00,0.000000000000000000e+00,0.000000000000000000e+00,0.000000000000000000e+00,0.000000000000000000e+00,0.000000000000000000e+00,0.000000000000000000e+00,0.000000000000000000e+00,0.000000000000000000e+00,0.000000000000000000e+00,0.000000000000000000e+00,0.000000000000000000e+00,0.000000000000000000e+00,0.000000000000000000e+00,0.000000000000000000e+00
3.752154381765443551e-42,5.394195937942901313e-37,3.204380488552510561e-32,1.027868310225033283e-27,1.953721803706871910e-23,2.274360197238093244e-19,1.620797335316105553e-15,6.873933388986703580e-12,1.632013133086087158e-08,1.936061936286394852e-05,9.171540398017652418e-03,9.807847337072579386e-01,9.996886899338846416e-03,2.742606284720240900e-05,3.595775850291481993e-08,2.839481756596010961e-11,1.530241949532217628e-14,6.083744060351321614e-18,1.881325242518357774e-21,4.701344863867591466e-25,9.770782433723611021e-29,1.727009176380363934e-32,2.642808999651527263e-36,3.552675727036832140e-40,4.246168154868677277e-44,4.558188883361462602e-48,4.432916511819800121e-52,3.934737943557223266e-56,3.208301537275218080e-60,2.416710217750379700e-64,1.690178959265096357e-68,1.102367594052078531e-72,6.731752351397457445e-77,3.862651258082263833e-81,2.089277900322217983e-85,1.068385713795951580e-89,5.178879728541983184e-94,2.385476853239811489e-98,1.046441152420175570e-102,4.380726666987624396e-107,1.753445587534184110e-111,6.722258144991257279e-116,2.472419120738531773e-120,8.737176442157915487e-125,2.970817465820298294e-129,9.732183845624163169e-134,3.075468818095174252e-138,9.386055552683134722e-143,2.769488254608363140e-147,7.908729818704700969e-152,2.187890502567498976e-156,5.868857688140279935e-161,1.527800955845330646e-165,3.862970731456062005e-170,9.494135274847567513e-175,2.269811082026519782e-179,5.282378238462713719e-184,1.197471830371186931e-188,2.645903780359799153e-193,5.701904006856728637e-198,1.199099365082255294e-202,2.462187101039232991e-207,4.939105697737317258e-212,9.684071764687235987e-217,1.856786383518060840e-221,3.483079491610855533e-226,6.395248912399932891e-231,1.149824662167758242e-235,2.025191762222932672e-240,3.495702818488268188e-245,5.915666631691618127e-250,9.818262430440484739e-255,1.598757105845794300e-259,2.555035429338643993e-264,4.008874317848787198e-269,6.177298507673156831e-274,9.351047022804214880e-279,1.391034215523940003e-283,2.034030561296941300e-288,2.924430823398749644e-293,4.135306672608364853e-298,5.752692736973208420e-303,7.874859339243346797e-308,1.061036523639547677e-312,1.407467038262021886e-317,1.828042889612612213e-322,0.000000000000000000e+00,0.000000000000000000e+00,0.000000000000000000e+00,0.000000000000000000e+00,0.000000000000000000e+00,0.000000000000000000e+00,0.000000000000000000e+00,0.000000000000000000e+00,0.000000000000000000e+00,0.000000000000000000e+00,0.000000000000000000e+00,0.000000000000000000e+00,0.000000000000000000e+00,0.000000000000000000e+00,0.000000000000000000e+00,0.000000000000000000e+00,0.000000000000000000e+00,0.000000000000000000e+00,0.000000000000000000e+00,0.000000000000000000e+00,0.000000000000000000e+00,0.000000000000000000e+00,0.000000000000000000e+00,0.000000000000000000e+00,0.000000000000000000e+00,0.000000000000000000e+00,0.000000000000000000e+00,0.000000000000000000e+00,0.000000000000000000e+00,0.000000000000000000e+00,0.000000000000000000e+00,0.000000000000000000e+00,0.000000000000000000e+00,0.000000000000000000e+00,0.000000000000000000e+00,0.000000000000000000e+00,0.000000000000000000e+00,0.000000000000000000e+00,0.000000000000000000e+00,0.000000000000000000e+00,0.000000000000000000e+00,0.000000000000000000e+00
