9.967046140116908592e-01,3.289950229644414414e-03,5.429779475973399531e-06,5.974255556015608794e-09,4.929997102992596616e-12,3.254614230359435275e-15,1.790486817600139260e-18,8.442983628146110017e-22,3.483604311625258221e-25,1.277641968443305094e-28,4.217276039853958954e-32,1.265500154731871382e-35,3.480998337041183379e-39,8.838596802166217342e-43,2.083906102042560973e-46,4.585743367086089843e-50,9.460468046114029782e-54,1.836904427987764638e-57,3.368502819600619578e-61,5.852025010117847185e-65,9.658263218241829559e-69,1.518107765001380996e-72,2.277732822506245743e-76,3.268871158505956190e-80,4.495825237244649429e-84,5.935977846909294428e-88,7.536015495488195497e-92,9.212995899815361795e-96,1.086089726879096605e-99,1.236205203084340930e-103,1.360166805223344096e-107,1.448282680516760763e-111,1.493916135725173168e-115,1.494290851132835801e-119,1.450704905808012036e-123,1.368150566495110239e-127,1.254452591723966858e-131,1.119116730300502338e-135,9.721082993981779344e-140,8.227594954577659201e-144,6.789468396580652580e-148,5.466064771428228125e-152,4.295842423217918092e-156,3.297636232323377285e-160,2.473847527893369009e-164,1.814609893907086045e-168,1.302111882377318678e-172,9.144780873074397554e-177,6.288613812639677121e-181,4.236251196517377328e-185,2.796627085073430310e-189,1.810036124696820707e-193,1.148964891286687796e-197,7.155726745695455885e-202,4.374040977474171167e-206,2.625082864620261675e-210,1.547311842137883688e-214,8.960368135415917400e-219,5.099419245213687255e-223,2.852932958830983956e-227,1.569506704246082046e-231,8.492903694297929598e-236,4.521550327692630170e-240,2.369025191937930899e-244,1.221835007690869679e-248,6.204718271098387137e-253,3.103137292863645754e-257,1.528794273088468195e-261,7.421009605523842055e-266,3.550068738937301586e-270,1.674023620113281857e-274,7.782624771528400984e-279,3.567931064805734854e-283,1.613304904296086611e-287,7.196272387593275552e-292,3.167154061001608175e-296,1.375556572791826365e-300
3.289950229644414414e-03,9.901355731113539171e-01,6.558199264151603168e-03,1.625351261457250588e-05,2.385759852030963689e-08,2.461745011558029857e-11,1.950620545043395901e-14,1.252159033300502164e-17,6.748814285496057088e-21,3.132944546647139109e-24,1.276798652440350845e-27,4.636219961218744229e-31,1.517764860979114612e-34,4.523000094731827938e-38,1.236820127380848679e-41,3.124483581421203901e-45,7.334162349836739309e-49,1.607655080966919932e-52,3.305215420551396015e-56,6.397931780902595402e-60,1.170018703375102526e-63,2.027597720679605308e-67,3.338834955745172612e-71,5.237281918931258025e-75,7.843132932699865964e-79,1.123659530012457149e-82,1.542962392265739892e-86,2.034226712413734806e-90,2.579030677551199758e-94,3.148943249736596964e-98,3.707799554066650345e-102,4.215619208735766752e-106,4.633548520638367361e-110,4.928937065255291516e-114,5.079602462400960947e-118,5.076509510091787651e-122,4.924438874923676359e-126,4.640646479938368759e-130,4.251904804921985797e-134,3.790580642404307944e-138,3.290494846770201003e-142,2.783233843329348187e-146,2.295386367416141230e-150,1.846928656152654101e-154,1.450742251805576108e-158,1.113068078651279852e-162,8.346007612021274458e-167,6.119066267956677081e-171,4.388891132907328096e-175,3.081005629559316581e-179,2.117845944781365358e-183,1.426095195677347560e-187,9.410992962861877191e-192,6.088755440404219858e-196,3.863620060687935328e-200,2.405433787160631911e-204,1.469873110368436690e-208,8.818656047795133442e-213,5.196422002741089940e-217,3.008320718003973303e-221,1.711571439674751525e-225,9.572954789684004948e-230,5.265039633148938393e-234,2.848278217091916596e-238,1.516019731992357956e-242,7.941120957096116452e-247,4.094704455045200333e-251,2.078897132832336255e-255,1.039479182419070641e-259,5.120006730043644976e-264,2.484813759474959562e-268,1.188446259577585220e-272,5.602976065204240593e-277,2.604354140117400982e-281,1.193739126723133649e-285,5.396729228040039439e-290,2.406828006302634726e-294
5.429779475973399531e-06,6.558199264151603168e-03,9.835990392263861404e-01,9.804836599067520350e-03,3.243551151221081970e-05,5.954558339162097689e-08,7.375486224981148472e-11,6.819661610762877967e-14,5.003913355609185488e-17,3.034460704847025756e-20,1.565323407419832523e-23,7.017757272792126881e-27,2.780062727638675521e-30,9.860044857605354419e-34,3.164492433440999887e-37,9.271777262782498536e-41,2.498486876962145900e-44,6.231466045782614903e-48,1.446327746860660861e-51,3.138803138512532188e-55,6.395708957781031980e-59,1.228114155651000873e-62,2.229656397521715649e-66,3.838508091038934562e-70,6.282934522375639487e-74,9.801219583291115121e-78,1.460371675842508098e-81,2.082470366673885769e-85,2.847221104701662921e-89,3.738712833894496864e-93,4.722339678008301450e-97,5.745824697105048432e-101,6.743554415188594385e-105,7.643777885470953021e-109,8.377516830887780274e-113,8.887578384539746913e-117,9.135993650348237121e-121,9.108541366606258739e-125,8.815655180972795983e-129,8.289774014722516033e-133,7.579878048840724032e-137,6.744401190517363578e-141,5.843850002268479879e-145,4.934305011808962018e-149,4.062619249399228859e-153,3.263680335794686701e-157,2.559681024928696290e-161,1.961030322305440762e-165,1.468369633971674917e-169,1.075130444584573139e-173,7.701476365736794472e-178,5.399794136054176720e-182,3.707367564249455448e-186,2.493596530303693934e-190,1.643759203658679388e-194,1.062365627379007176e-198,6.734406198964497221e-203,4.188644534876513086e-207,2.557114066678429243e-211,1.532770013340265256e-215,9.023952356052181203e-220,5.219718530037987588e-224,2.967294826354235264e-228,1.658310896042535850e-232,9.113535228065513411e-237,4.926555910743331114e-241,2.620303767014895013e-245,1.371588788762839935e-249,7.067553818238031637e-254,3.585855027583223672e-258,1.791830907584018509e-262,8.820256953921225311e-267,4.278008732682783728e-271,2.044898754717486830e-275,9.635238909106009115e-280,4.476122376393237760e-284,2.050576598631542024e-288
5.974255556015608794e-09,1.625351261457250588e-05,9.804836599067520350e-03,9.770948931672810422e-01,1.302995145431372348e-02,5.394022578499255849e-05,1.188946332718764125e-07,1.718674816191639560e-10,1.816575729540640432e-13,1.499758425908665779e-16,1.010652311270826822e-19,5.735309587292669762e-23,2.805249951115269949e-26,1.203970923348182391e-29,4.598823128279141302e-33,1.581442793860703454e-36,4.942616300625801406e-40,1.415186169381866364e-43,3.737337074460308256e-47,9.156518842009184598e-51,2.091768025788065951e-54,4.475440821339299997e-58,9.003197891637043786e-62,1.708865896881560384e-65,3.069885056921820365e-69,5.234276040793364865e-73,8.492053897231307049e-77,1.313987456302260610e-80,1.943145526539767593e-84,2.751640813248307953e-88,3.737831389614269072e-92,4.878640212817345514e-96,6.127531049801669758e-100,7.416330237227715884e-104,8.661161169959597914e-108,9.771814478084631370e-112,1.066302334823066724e-115,1.126560028713288112e-119,1.153537008127475803e-123,1.145830702515333543e-127,1.105111187581176490e-131,1.035741320406780845e-135,9.440603377295720481e-140,8.374836352676885701e-144,7.235843199455135781e-148,6.092993324910147655e-152,5.003559039118370298e-156,4.009578653411387307e-160,3.137198233198825499e-164,2.398000207429687741e-168,1.791637636229448867e-172,1.309074595316740940e-176,9.358407423963288330e-181,6.548834903567475443e-185,4.487903937473659139e-189,3.013183183407427528e-193,1.982840073766276675e-197,1.279383599108183866e-201,8.097091474952870530e-206,5.028408563223689606e-210,3.065191111124779578e-214,1.834665009594454865e-218,1.078623141227073124e-222,6.230644775002723489e-227,3.537353229432079393e-231,1.974392389825317204e-235,1.083730503796625658e-239,5.851417407197395883e-244,3.108623623734971073e-248,1.625377214181041325e-252,8.366182788540795593e-257,4.240260759721594431e-261,2.116662033505752781e-265,1.040885335453376443e-269,5.043621114684512365e-274,2.408591894512048331e-278,1.133849842617290715e-282
4.929997102992596616e-12,2.385759852030963689e-08,3.243551151221081970e-05,1.302995145431372348e-02,9.706230160887212577e-01,1.623363277486952055e-02,8.073224217952715005e-05,2.077221854302292841e-07,3.432811192222385206e-10,4.082798415234939029e-13,3.745860241493097198e-16,2.777000521101661730e-19,1.719330884149878449e-22,9.111044022145648857e-26,4.211369448305438861e-29,1.723609998179180706e-32,6.322559057562875254e-36,2.099621460953966737e-39,6.365535183499740584e-43,1.774502691095584133e-46,4.576481648346533494e-50,1.097775472461317382e-53,2.460637244524457340e-57,5.175130103108643053e-61,1.024997232440964473e-64,1.918102444674909283e-68,3.401302927916381820e-72,5.730559730141906440e-76,9.195483459566195433e-80,1.408422821188940814e-83,2.063226040153918898e-87,2.896136365910577034e-91,3.902023738930612803e-95,5.054100739597380026e-99,6.302538306537275896e-103,7.576952628698795744e-107,8.792873734945318919e-111,9.861381553967428178e-115,1.070030169406932409e-118,1.124492344386774565e-122,1.145626267505130320e-126,1.132542186281878938e-130,1.087344303620382095e-134,1.014697374254657045e-138,9.210836708330164059e-143,8.139044128084949180e-147,7.005866605373830843e-151,5.878299801159637356e-155,4.810788543756569487e-159,3.842516317935688772e-163,2.997079241075533312e-167,2.284023820415102983e-171,1.701567701579276992e-175,1.239825268842515358e-179,8.839782745620021324e-184,6.170084514078675893e-188,4.217931022331558852e-192,2.825201683254553853e-196,1.854883556089029943e-200,1.194180201702068813e-204,7.541739293279826261e-209,4.673884408292018114e-213,2.843412580835754718e-217,1.698644533736717382e-221,9.967952779284904545e-226,5.747586954030891288e-230,3.257406077884551339e-234,1.815061353776691356e-238,9.946399317542610583e-243,5.361839391076072230e-247,2.844129865206430364e-251,1.484853279903536450e-255,7.631739138061379782e-260,3.862543910595953010e-264,1.925458826548059119e-268,9.455922518461015005e-273,4.575910754495622256e-277
3.254614230359435275e-15,2.461745011558029857e-11,5.954558339162097689e-08,5.394022578499255849e-05,1.623363277486952055e-02,9.641832894887608640e-01,1.941596923145279263e-02,1.127762841846272524e-04,3.318068364752674489e-07,6.170900841083565326e-10,8.156612066769590572e-13,8.233120597395084508e-16,6.659301536266159217e-19,4.466981405807483682e-22,2.549408258713873618e-25,1.262652635762780365e-28,5.512517840156114830e-32,2.148578494249459056e-35,7.555073204143847811e-39,2.417838843849294125e-42,7.095082260458950955e-46,1.921375909671956213e-49,4.828440650867166261e-53,1.131499870426188190e-56,2.483242545155408871e-60,5.123375128831628454e-64,9.971139868389537923e-68,1.836176420023190773e-71,3.208230762601357438e-75,5.331972105319453125e-79,8.448391348622070102e-83,1.278887386750571793e-86,1.853090280390870698e-90,2.574749434272365616e-94,3.436032250675209307e-98,4.410837334977081147e-102,5.454280476946245276e-106,6.505424941915456399e-110,7.493194826772422146e-114,8.344661122825370037e-118,8.994289145253357680e-122,9.392459321614701939e-126,9.511701687935010384e-130,9.349578163616829961e-134,8.927863232240181206e-138,8.288418298226673741e-142,7.486743667104182775e-146,6.584503587348407538e-150,5.642321147735235732e-154,4.713881149723162641e-158,3.841964878509041403e-162,3.056591447010384962e-166,2.375058085300284906e-170,1.803418767415915011e-174,1.338834501446192702e-178,9.722502369940923564e-183,6.909617358164145634e-187,4.807842444115426673e-191,3.276833311753716118e-195,2.188499885550540351e-199,1.432847312759930085e-203,9.199856327267840597e-208,5.794957015879983780e-212,3.582298984452222208e-216,2.174025779759860202e-220,1.295693624469340085e-224,7.586006966848579907e-229,4.364466762384437523e-233,2.468228820688239339e-237,1.372463701965491205e-241,7.505824318240076121e-246,4.038266478869898269e-250,2.137981145378917923e-254,1.114127310786381350e-258,5.716025873354109687e-263,2.887919698558679792e-267,1.437168439928272151e-271
1.790486817600139260e-18,1.950620545043395901e-14,7.375486224981148472e-11,1.188946332718764125e-07,8.073224217952715005e-05,1.941596923145279263e-02,9.577755952080089230e-01,2.257704922119926905e-02,1.500372116438878809e-04,4.968884871362333004e-07,1.027125235419888790e-09,1.493733355231877240e-12,1.645071107022286075e-15,1.441657990086012620e-18,1.041531119445878577e-21,6.369313131036063008e-25,3.365052994901938568e-28,1.561020832468549531e-31,6.442462330296091196e-35,2.391311744900309337e-38,8.055915906044972885e-42,2.482254225236834827e-45,7.042309298997988252e-49,1.850223444593918147e-52,4.524426966358474221e-56,1.034342877082685844e-59,2.219431322496436663e-63,4.485666556342579421e-67,8.566363899905974435e-71,1.550218351890501482e-74,2.665282084403834374e-78,4.363893924137590136e-82,6.819065086443564700e-86,1.018959363317454527e-89,1.458692554841447508e-93,2.003911094587978101e-97,2.645938831387679759e-101,3.362779095424830769e-105,4.119278265130783616e-109,4.869630968166338611e-113,5.562058144710415257e-117,6.144970553109327025e-121,6.573548481354634876e-125,6.815535327744780656e-129,6.855196759161054230e-133,6.694792358460483145e-137,6.353430891334069736e-141,5.863694086711426190e-145,5.266794175276682328e-149,4.607204266444648410e-153,3.927658022435462357e-157,3.265201489770976986e-161,2.648673844097372234e-165,2.097679440291990917e-169,1.622858223211049222e-173,1.227102924350403754e-177,9.073160955650320862e-182,6.563303162339581896e-186,4.647002143458844093e-190,3.221825507474046125e-194,2.188237206166873508e-198,1.456556376603659495e-202,9.505417200387604626e-207,6.084012311918375399e-211,3.820691372299300178e-215,2.354935464311663928e-219,1.425108742954457718e-223,8.470139151005361924e-228,4.945877351683798383e-232,2.838170360247169767e-236,1.601045030854426570e-240,8.881003716824107836e-245,4.845442305679692161e-249,2.600957865038151021e-253,1.373958884968637916e-257,7.144358511888310963e-262,3.657691497314785358e-266
8.442983628146110017e-22,1.252159033300502164e-17,6.819661610762877967e-14,1.718674816191639560e-10,2.077221854302292841e-07,1.127762841846272524e-04,2.257704922119926905e-02,9.513998154288154652e-01,2.571696086834058398e-02,1.924800203691460674e-04,7.086684866540918843e-07,1.611922151006768777e-09,2.557867736495886132e-12,3.052250440096476276e-15,2.880936483945396477e-18,2.230215236363647051e-21,1.454881889521749220e-24,8.167366966043393923e-28,4.011845309289871784e-31,1.747780354734097198e-34,6.829097588642598259e-38,2.415711153434889321e-41,7.798151647323011886e-45,2.313003092279461509e-48,6.341296738576827407e-52,1.615305351325023990e-55,3.840576890023281824e-59,8.557972599468351868e-63,1.793728226851028867e-66,3.547903581843061973e-70,6.641965500689522900e-74,1.180027532175224971e-77,1.994416424076197310e-81,3.213916126458402580e-85,4.948064336462717970e-89,7.291802523025001263e-93,1.030356071195449702e-96,1.398269843674938333e-100,1.825132058563480489e-104,2.294567356435227904e-108,2.782105988524881195e-112,3.257162454911298524e-116,3.686306236501942315e-120,4.037316467100189846e-124,4.283306541207000291e-128,4.406166252209987585e-132,4.398708910758102133e-136,4.265188172710633890e-140,4.020186818782175354e-144,3.686189922391595973e-148,3.290366451054797862e-152,2.861159624139591805e-156,2.425230153803499837e-160,2.005142805942070418e-164,1.617987300052831811e-168,1.274931102431608229e-172,9.815527281804205860e-177,7.387189020660379784e-181,5.437475092494569680e-185,3.916271091621483365e-189,2.761227119521693385e-193,1.906663543426465796e-197,1.289940709456831911e-201,8.553884690111599325e-206,5.561892420864591134e-210,3.547387884196760553e-214,2.220123427180031436e-218,1.363885036312649385e-222,8.227259076181883395e-227,4.874711106173424472e-231,2.837877606670781884e-235,1.623752174746875526e-239,9.133832995125309739e-244,5.052606235561011269e-248,2.749317095776925245e-252,1.471957963345045773e-256,7.756000580485111959e-261
3.483604311625258221e-25,6.748814285496057088e-21,5.003913355609185488e-17,1.816575729540640432e-13,3.432811192222385206e-10,3.318068364752674489e-07,1.500372116438878809e-04,2.571696086834058398e-02,9.450558326744573634e-01,2.883579202488064167e-02,2.400698417548187153e-04,9.728097767832883398e-07,2.414689412309280359e-09,4.151960476333777728e-12,5.336399901635769071e-15,5.397297829373771911e-18,4.457158429599212286e-21,3.089582939568077662e-24,1.836554668625996898e-27,9.522890766533860800e-31,4.367231993753848042e-34,1.791792810844425641e-37,6.640281968446381712e-41,2.241043571417900358e-44,6.936314690918675961e-48,1.980928459165410757e-51,5.247918387195118278e-55,1.295766860608414163e-58,2.994348823610764803e-62,6.500313710874263113e-66,1.330081973568803526e-69,2.573053690956133757e-73,4.718863745043210756e-77,8.224878905208955114e-81,1.365580390027390052e-84,2.164267765638428198e-88,3.280564189564417114e-92,4.764348210647540006e-96,6.640367388366357413e-100,8.895683266456195032e-104,1.147054170679837730e-107,1.425552479125757085e-111,1.709687758158128784e-115,1.981026266599582255e-119,2.220127875234897396e-123,2.408941368341760941e-127,2.533116745403997557e-131,2.583814989861163002e-135,2.558700856594524013e-139,2.461977396723892199e-143,2.303515004997481061e-147,2.097293900467068798e-151,1.859480930350744595e-155,1.606484396210002347e-159,1.353281289126292439e-163,1.112213283817527373e-167,8.923315366769056023e-172,6.992639828505324069e-176,5.355018790380370111e-180,4.009628785900128159e-184,2.936837470469614835e-188,2.105178288926519846e-192,1.477486885960972215e-196,1.015708558707872739e-200,6.842315210907525248e-205,4.518523238819230683e-209,2.926267547554658233e-213,1.859148794426885555e-217,1.159176819326001389e-221,7.095255397568505025e-226,4.264925266449404365e-230,2.518356583715099649e-234,1.461228537054121962e-238,8.333788953226576061e-243,4.673200270959779846e-247,2.577234551742786491e-251,1.398226278007996571e-255
1.277641968443305094e-28,3.132944546647139109e-24,3.034460704847025756e-20,1.499758425908665779e-16,4.082798415234939029e-13,6.170900841083565326e-10,4.968884871362333004e-07,1.924800203691460674e-04,2.883579202488064167e-02,9.387435298083276480e-01,3.193363027127096160e-02,2.927719423931161185e-04,1.294937035405031745e-06,3.483277005205823823e-09,6.451496420203200309e-12,8.885609980859811491e-15,9.587276846551291590e-18,8.412900814929428727e-21,6.175086300318788811e-24,3.874843964494141032e-27,2.115033710302201388e-30,1.018503310353335945e-33,4.377872619957088342e-37,1.696214097376411809e-40,5.973650439115120624e-44,1.926005867307765151e-47,5.720583402603459924e-51,1.573828500145599842e-54,4.029944049259318606e-58,9.645424252615566968e-62,2.166121057383333720e-65,4.580078505476523137e-69,9.146118902141871059e-73,1.729793150863999276e-76,3.106387553065722977e-80,5.309291969743655724e-84,8.655030009322469356e-88,1.348369380063775301e-91,2.011171034706468929e-95,2.876879770163191990e-99,3.952821386816896156e-103,5.224423671502518397e-107,6.651286563208573666e-111,8.166967484610121024e-115,9.683241317715231617e-119,1.109865881660322370e-122,1.231022804840658518e-126,1.322625938568021992e-130,1.377807234229894657e-134,1.392846165341627877e-138,1.367550237260550175e-142,1.305124771904092623e-146,1.211588002490393224e-150,1.094867018486159739e-154,9.637523089583727029e-159,8.268890731842708992e-163,6.919486433528611038e-167,5.650671678692559350e-171,4.505772913195401118e-175,3.510057912773310102e-179,2.672746503404263623e-183,1.990275241217471482e-187,1.450056640940585465e-191,1.034116682805117283e-195,7.221964961502461872e-200,4.941099771633597814e-204,3.313206558737625411e-208,2.178199872307967690e-212,1.404535648690967932e-216,8.886060512950455413e-221,5.517944383575796833e-225,3.364199596267193152e-229,2.014477454480804120e-233,1.185098329123182721e-237,6.851541091179127499e-242,3.893949849220738441e-246,2.176120118040316632e-250
4.217276039853958954e-32,1.276798652440350845e-27,1.565323407419832523e-23,1.010652311270826822e-19,3.745860241493097198e-16,8.156612066769590572e-13,1.027125235419888790e-09,7.086684866540918843e-07,2.400698417548187153e-04,3.193363027127096160e-02,9.324627900331264874e-01,3.501056291708418144e-02,3.505517236901321246e-04,1.680636819752936582e-06,4.870144836523009108e-09,9.666592380402678945e-12,1.420356407227932450e-14,1.628491833236400671e-17,1.513211202083673018e-20,1.172491765568395733e-23,7.745036600631692323e-27,4.439127185560399071e-30,2.239569366262855210e-33,1.006435885841083374e-36,4.069122157646287480e-40,1.492796418808054708e-43,5.005670634345732503e-47,1.543991041619414043e-50,4.405188674437124751e-54,1.168298016448447052e-57,2.892717634952266354e-61,6.712960312864248101e-65,1.465204453119186077e-68,3.017389035209188435e-72,5.879743692696061174e-76,1.086959589600843338e-79,1.910877784424371784e-83,3.201606088733064635e-87,5.122637271264195977e-91,7.841841057599873048e-95,1.150506853527082395e-98,1.620322432132357743e-102,2.193818990697127563e-106,2.859497909214071600e-110,3.592787914282061552e-114,4.356659543996059488e-118,5.104472158645515530e-122,5.784802050847098753e-126,6.347529881430438198e-130,6.750141236955940898e-134,6.963109500001785801e-138,6.973409966335420717e-142,6.785606904573563579e-146,6.420452980819606624e-150,5.911414567008142788e-154,5.299876999071851914e-158,4.629928409512895917e-162,3.943564828134299978e-166,3.276948028123582482e-170,2.658055028669620460e-174,2.105762139397002450e-178,1.630168387252398099e-182,1.233816949932854547e-186,9.134240037214699595e-191,6.617552385308326578e-195,4.693723843262672563e-199,3.260748158061053713e-203,2.219595732552541034e-207,1.481010183989927474e-211,9.690229686693163090e-216,6.219569193352498528e-220,3.917323365866461624e-224,2.421969893672821728e-228,1.470416854179995951e-232,8.768836963953737717e-237,5.138141833310811206e-241,2.959110294396425449e-245
1.265500154731871382e-35,4.636219961218744229e-31,7.017757272792126881e-27,5.735309587292669762e-23,2.777000521101661730e-19,8.233120597395084508e-16,1.493733355231877240e-12,1.611922151006768777e-09,9.728097767832883398e-07,2.927719423931161185e-04,3.501056291708418144e-02,9.262134968900520571e-01,3.806667700168658158e-02,4.133747214828053466e-04,2.135457709251857134e-06,6.632331365906040465e-09,1.404501966258351745e-11,2.193025351100942434e-14,2.662605247389010274e-17,2.611810873003525771e-20,2.130395676845458629e-23,1.477710426369782616e-26,8.873369744335566213e-30,4.680357832790262509e-33,2.194824622979145362e-36,9.243934648848248837e-40,3.526972030881542302e-43,1.228187474478359626e-46,3.928717588289585988e-50,1.160964399524200478e-53,3.185215589756290926e-57,8.149641498259327937e-61,1.952275182349914628e-64,4.394351708136789721e-68,9.323909811009752029e-72,1.870333523755571345e-75,3.556419069017755186e-79,6.425926469326165714e-83,1.105748613275802855e-86,1.815794320140991353e-90,2.850951074007482304e-94,4.287339624062809414e-98,6.185409351917252363e-102,8.574122310266611279e-106,1.143577081011513680e-109,1.469499652390503968e-113,1.821541722000284095e-117,2.180612607597407176e-121,2.523838730757730209e-125,2.827057422097393724e-129,3.067739639922555488e-133,3.227830963057911202e-137,3.296002931210223317e-141,3.268926846631279364e-145,3.151385848496601963e-149,2.955273680022973770e-153,2.697731988957212439e-157,2.398807742517944512e-161,2.079048207762856179e-165,1.757398963166973184e-169,1.449656773331441409e-173,1.167589668461190251e-177,9.187055352211450949e-182,7.065525996773869252e-186,5.313817234497090884e-190,3.909902510776800450e-194,2.815902315726937816e-198,1.985862038036768371e-202,1.371957552272899566e-206,9.288933513705322115e-211,6.165831326948379180e-215,4.014014755392180725e-219,2.563793190626938884e-223,1.607138869298147820e-227,9.890874861501361220e-232,5.978145260569830965e-236,3.549633821309733446e-240
3.480998337041183379e-39,1.517764860979114612e-34,2.780062727638675521e-30,2.805249951115269949e-26,1.719330884149878449e-22,6.659301536266159217e-19,1.645071107022286075e-15,2.557867736495886132e-12,2.414689412309280359e-09,1.294937035405031745e-06,3.505517236901321246e-04,3.806667700168658158e-02,9.199955342579947404e-01,4.110205929490889226e-02,4.812066056567543227e-04,2.664910447970753106e-06,8.831422352747976316e-09,1.987520594638588005e-11,3.286434402119740442e-14,4.212311703077270880e-17,4.349824404188832466e-20,3.725730803633396032e-23,2.707509688999533239e-26,1.699793476139394030e-29,9.355961765047591903e-33,4.570395007126088939e-36,2.001970994699600314e-39,7.932412678053118826e-43,2.864657877318323647e-46,9.490918634377840461e-50,2.901402531222902672e-53,8.225757518775577086e-57,2.172554543968963176e-60,5.367145725687325905e-64,1.244708949924298126e-67,2.718725658197117381e-71,5.609518910604311278e-75,1.096284121547371173e-78,2.034379182728210157e-82,3.592835710306975099e-86,6.051269910055323950e-90,9.738606034683237886e-94,1.500249317651737819e-97,2.215981103890422677e-101,3.143215931516050801e-105,4.287581403155649377e-109,5.632019515553992690e-113,7.133063472587368252e-117,8.720894172791935740e-121,1.030388446919492605e-124,1.177741202543981619e-128,1.303574171879665331e-132,1.398501537607208319e-136,1.455505816664613069e-140,1.470791244668059056e-144,1.444168472594667600e-148,1.378925398414809380e-152,1.281238795848321988e-156,1.159260891780889396e-160,1.022058117237645991e-164,8.785810986892174766e-169,7.368115652349908462e-173,6.031765756640886091e-177,4.822591741827679132e-181,3.767811164995713161e-185,2.877965792517158766e-189,2.150188267337127045e-193,1.572026786728286406e-197,1.125191490792079646e-201,7.887858030408594409e-206,5.417938266093751380e-210,3.647715481992587821e-214,2.408148210482343028e-218,1.559474792579478400e-222,9.909651188704380349e-227,6.181159141620574585e-231,3.785774134382359855e-235
8.838596802166217342e-43,4.523000094731827938e-38,9.860044857605354419e-34,1.203970923348182391e-29,9.111044022145648857e-26,4.466981405807483682e-22,1.441657990086012620e-18,3.052250440096476276e-15,4.151960476333777728e-12,3.483277005205823823e-09,1.680636819752936582e-06,4.133747214828053466e-04,4.110205929490889226e-02,9.138087863527317722e-01,4.411679629771585176e-02,5.540131797649801466e-04,3.274468086690399837e-06,1.153351971787707373e-08,2.748921659486811042e-11,4.798718225476122373e-14,6.475129965129014277e-17,7.021483935860623976e-20,6.300919687181615238e-23,4.787334171414845583e-26,3.136353685485178788e-29,1.798309652419452807e-32,9.136479398659573039e-36,4.156109705082472157e-39,1.707814682635509796e-42,6.387908971532677488e-46,2.189408693983082782e-49,6.916325120273555851e-53,2.024133490676233317e-56,5.513212434124315423e-60,1.403293814432638461e-63,3.350177608023809423e-67,7.526707817985099085e-71,1.596133788044706509e-74,3.203709162735846720e-78,6.101645308936707013e-82,1.105227268857668432e-85,1.908042986029488139e-89,3.145626517570051314e-93,4.961306373562013865e-97,7.498696444723025446e-101,1.087818625348849844e-104,1.516849614972375859e-108,2.035807613162194036e-112,2.633263546093785476e-116,3.286519779009167249e-120,3.962344010834249632e-124,4.619587241514558474e-128,5.213436127485215577e-132,5.700665161575811982e-136,6.044996939223841519e-140,6.221623026508757237e-144,6.220100047671437118e-148,6.045170554159012583e-152,5.715475810543390692e-156,5.260521982679257673e-160,4.716542545213117954e-164,4.122017432820104649e-168,3.513560428585508199e-172,2.922708111994015458e-176,2.373897600367441584e-180,1.883670928150201145e-184,1.460942471479326062e-188,1.108040941217179806e-192,8.221939990817335098e-197,5.971478544200602197e-201,4.246824742773867660e-205,2.958696734889745482e-209,2.020050907943013077e-213,1.352121496052077881e-217,8.876065164240406136e-222,5.716507379639192201e-226,3.613227988963749217e-230
2.083906102042560973e-46,1.236820127380848679e-41,3.164492433440999887e-37,4.598823128279141302e-33,4.211369448305438861e-29,2.549408258713873618e-25,1.041531119445878577e-21,2.880936483945396477e-18,5.336399901635769071e-15,6.451496420203200309e-12,4.870144836523009108e-09,2.135457709251857134e-06,4.812066056567543227e-04,4.411679629771585176e-02,9.076531377261251032e-01,4.711097424287436636e-02,6.317603806474397657e-04,3.969566124586797755e-06,1.480921051970209031e-08,3.726571546720775858e-11,6.848843113818292702e-14,9.704676836462013302e-17,1.102566463897317722e-19,1.034467566406586667e-22,8.201932366276192565e-26,5.597550037057450461e-29,3.338021766814511243e-32,1.761204358562435873e-35,8.308560864479356148e-39,3.536156415866251423e-42,1.368306049422638810e-45,4.846198296494375388e-49,1.580325015324201686e-52,4.769596886860658204e-56,1.338502103768003318e-59,3.507181791417680729e-63,8.612269729239426662e-67,1.988654182803914193e-70,4.331219108218395585e-74,8.922352338923714321e-78,1.742900979437578335e-81,3.235973869785993667e-85,5.722825908411851691e-89,9.659441102044270072e-93,1.558935664323836191e-96,2.409798043147401894e-100,3.573546174442967421e-104,5.091292113083491655e-108,6.978595291713265601e-112,9.214732333100585973e-116,1.173547641483295310e-119,1.443174558793095964e-123,1.715556247117928250e-127,1.973332232217902418e-131,2.198473949863442448e-135,2.374446952281447631e-139,2.488267142075480436e-143,2.532089345462931363e-147,2.504060398656654254e-151,2.408319133691979939e-155,2.254192756150324597e-159,2.054782328380478875e-163,1.825218926468137932e-167,1.580893438402626606e-171,1.335922189910699561e-175,1.102026819807424821e-179,8.879056855867896524e-184,6.990798520400378288e-188,5.381267161870201690e-192,4.051764154835258292e-196,2.985393473730113682e-200,2.153501694727402059e-204,1.521445209050648639e-208,1.053196367560307169e-212,7.146154451729206486e-217,4.754528609230150559e-221,3.102921684693796580e-225
4.585743367086089843e-50,3.124483581421203901e-45,9.271777262782498536e-41,1.581442793860703454e-36,1.723609998179180706e-32,1.262652635762780365e-28,6.369313131036063008e-25,2.230215236363647051e-21,5.397297829373771911e-18,8.885609980859811491e-15,9.666592380402678945e-12,6.632331365906040465e-09,2.664910447970753106e-06,5.540131797649801466e-04,4.711097424287436636e-02,9.015284732653183752e-01,5.008467909562029641e-02,7.144142780514840937e-04,4.755602650531085342e-06,1.873353604451592427e-08,4.963290530896248993e-11,9.579332278554704212e-14,1.422177529884036134e-16,1.689361415720854878e-19,1.654055155467030068e-22,1.366168164455469330e-25,9.697081546835777587e-29,6.005387589072401512e-32,3.286031062216045251e-35,1.605614749890227855e-38,7.069394576029899746e-42,2.826734303109884119e-45,1.033476444621008194e-48,3.475506987772398709e-52,1.080751762530910216e-55,3.122189739983227420e-59,8.414710453900622732e-63,2.123750107423300315e-66,5.036538141735161127e-70,1.125819597174642756e-73,2.378689829507949176e-77,4.762764535633649162e-81,9.058590561273109709e-85,1.640169969787014238e-88,2.832812547629080171e-92,4.675811042549447921e-96,7.388522764654157950e-100,1.119487138237239329e-103,1.628897140843905544e-107,2.279244477168291504e-111,3.071014186868695890e-115,3.989350070088535666e-119,5.002135986842722578e-123,6.060606014213700659e-127,7.102823597965581796e-131,8.059773205587168036e-135,8.863208615998479170e-139,9.453963499843602167e-143,9.789276509748896382e-147,9.847859328493850932e-151,9.631894042369857733e-155,9.165762949680704599e-159,8.491932213644576527e-163,7.664886695057912431e-167,6.744254767930129376e-171,5.788246815351987251e-175,4.848302422406016389e-179,3.965484735886459560e-183,3.168774562549915076e-187,2.475085778463437930e-191,1.890600372673952867e-195,1.412922585130246410e-199,1.033563159976670372e-203,7.403538203563057760e-208,5.195197077218921088e-212,3.572690539392316487e-216,2.408704663680401785e-220
9.460468046114029782e-54,7.334162349836739309e-49,2.498486876962145900e-44,4.942616300625801406e-40,6.322559057562875254e-36,5.512517840156114830e-32,3.365052994901938568e-28,1.454881889521749220e-24,4.457158429599212286e-21,9.587276846551291590e-18,1.420356407227932450e-14,1.404501966258351745e-11,8.831422352747976316e-09,3.274468086690399837e-06,6.317603806474397657e-04,5.008467909562029641e-02,8.954346781919384490e-01,5.303799655432373666e-02,8.019410742531611538e-04,5.637938484006792462e-06,2.338596101065877069e-08,6.507144779398912740e-11,1.315915177763598161e-13,2.042692349061969972e-16,2.532182677237980399e-19,2.582754521217101740e-22,2.218690618997060651e-25,1.635482112832704334e-28,1.050409061164975443e-31,5.953122468451092276e-35,3.009202563962250114e-38,1.369130013507351982e-41,5.651273037442794676e-45,2.130763362903358665e-48,7.382886121074769244e-52,2.363364089552527353e-55,7.022718463845303738e-59,1.945317862159124412e-62,5.042458734227936471e-66,1.227318477271333967e-69,2.813805758071029770e-73,6.093844997090785401e-77,1.249920001886809050e-80,2.433922222699342390e-84,4.509440639257933334e-88,7.965532050894007687e-92,1.344009399010570649e-95,2.169930811355691900e-99,3.357789557900548572e-103,4.987528902262046098e-107,7.121295538602677204e-111,9.787062662152092394e-115,1.296307442456806068e-118,1.656669688978008298e-122,2.045108292791124457e-126,2.441192651935574964e-130,2.820466413860934609e-134,3.157021769478010579e-138,3.426535629047333954e-142,3.609254114568641637e-146,3.692405486976476002e-150,3.671632603263781724e-154,3.551234270453069638e-158,3.343238441415777088e-162,3.065541614680956036e-166,2.739491753011750882e-170,2.387342747826322551e-174,2.029968895686591916e-178,1.685121091606288174e-182,1.366366969701128277e-186,1.082720055292096096e-190,8.388550152422507407e-195,6.357415251686912357e-199,4.715095183914214595e-203,3.423753289440503615e-207,2.434980689151525671e-211,1.696844349854552125e-215
1.836904427987764638e-57,1.607655080966919932e-52,6.231466045782614903e-48,1.415186169381866364e-43,2.099621460953966737e-39,2.148578494249459056e-35,1.561020832468549531e-31,8.167366966043393923e-28,3.089582939568077662e-24,8.412900814929428727e-21,1.628491833236400671e-17,2.193025351100942434e-14,1.987520594638588005e-11,1.153351971787707373e-08,3.969566124586797755e-06,7.144142780514840937e-04,5.303799655432373666e-02,8.893716380612965988e-01,5.597101205115309619e-02,8.943071036793834392e-04,6.621897315645254212e-06,2.885034288624240026e-08,8.411736329192939509e-11,1.778675596369264412e-13,2.881419974037178694e-16,3.721065480990180680e-19,3.947486610703013350e-22,3.521687406427760144e-25,2.692253020485483789e-28,1.790964183175906443e-31,1.050055573610240880e-34,5.484954067277844205e-38,2.576122455086601173e-41,1.096585787189853067e-44,4.259963675955871527e-48,1.519477804049981512e-51,5.003118953021061277e-55,1.527993503384755031e-58,4.347052701430121807e-62,1.156467314346157489e-65,2.887013820064744750e-69,6.784445373149908306e-73,1.505155900318858700e-76,3.160789330756288058e-80,6.298078121319449489e-84,1.193403730088384015e-87,2.154904957609969220e-91,3.714999389122791369e-95,6.125599486774608555e-99,9.676398461314157087e-103,1.466635440020467069e-106,2.135985700780024899e-110,2.993140778094466422e-114,4.040708005994181882e-118,5.261448330046942729e-122,6.615406838313620230e-126,8.040248613810139801e-130,9.455335285158284978e-134,1.076932245313364944e-137,1.189026850507558375e-141,1.273663269361286614e-145,1.324727600395580494e-149,1.338873835396679556e-153,1.315860790802955330e-157,1.258457839552179627e-161,1.171960937753628803e-165,1.063426962081198080e-169,9.407721147297775613e-174,8.118844737613428454e-178,6.838757208779874481e-182,5.625529121636430442e-186,4.521405703276371007e-190,3.552378889413241859e-194,2.729632727665699058e-198,2.052219587144746124e-202,1.510310383343202116e-206,1.088459829983876348e-210
3.368502819600619578e-61,3.305215420551396015e-56,1.446327746860660861e-51,3.737337074460308256e-47,6.365535183499740584e-43,7.555073204143847811e-39,6.442462330296091196e-35,4.011845309289871784e-31,1.836554668625996898e-27,6.175086300318788811e-24,1.513211202083673018e-20,2.662605247389010274e-17,3.286434402119740442e-14,2.748921659486811042e-11,1.480921051970209031e-08,4.755602650531085342e-06,8.019410742531611538e-04,5.597101205115309619e-02,8.833392387615909280e-01,5.888381075273753373e-02,9.914788325309576485e-04,7.712765847380014946e-06,3.521490132013794162e-08,1.073649104349820972e-10,2.369329134042075119e-13,3.998667835058814360e-16,5.370928061920637258e-19,5.917319573374529094e-22,5.474891771918549172e-25,4.335131990835655242e-28,2.983424218782031279e-31,1.807576157033329387e-34,9.746737392189181240e-38,4.720942285235921420e-41,2.070524275057691239e-44,8.280224525056615721e-48,3.037899641860649361e-51,1.028079415185576373e-54,3.224749953348846507e-58,9.415787791975409169e-62,2.569189700752754917e-65,6.574167031698034409e-69,1.582619218576723931e-72,3.594737220365477073e-76,7.724484751951858599e-80,1.574148296716181091e-83,3.049115258493312480e-87,5.625458087929634179e-91,9.904555340649279249e-95,1.667180291039448088e-98,2.687350748942072244e-102,4.154660229351760507e-106,6.169461465350980599e-110,8.811520594495105185e-114,1.211996116093604188e-117,1.607385473045261220e-121,2.057778188424648135e-125,2.545658522302277576e-129,3.046228580710067781e-133,3.529389741710271800e-137,3.962814348424997270e-141,4.315655699768836298e-145,4.562281229368264762e-149,4.685385914405186383e-153,4.677958989853210612e-157,4.543806077843311679e-161,4.296611160957976148e-165,3.957788847548052490e-169,3.553567945734427703e-173,3.111828708477463797e-177,2.659185427955762628e-181,2.218687438164992461e-185,1.808345201959282295e-189,1.440517158217236592e-193,1.122052375658318171e-197,8.549941678957996802e-202,6.376152548387700932e-206
5.852025010117847185e-65,6.397931780902595402e-60,3.138803138512532188e-55,9.156518842009184598e-51,1.774502691095584133e-46,2.417838843849294125e-42,2.391311744900309337e-38,1.747780354734097198e-34,9.522890766533860800e-31,3.874843964494141032e-27,1.172491765568395733e-23,2.611810873003525771e-20,4.212311703077270880e-17,4.798718225476122373e-14,3.726571546720775858e-11,1.873353604451592427e-08,5.637938484006792462e-06,8.943071036793834392e-04,5.888381075273753373e-02,8.773373665131128929e-01,6.177647756082842168e-02,1.093422858406469314e-03,8.915793932221054266e-06,4.257218768593006236e-08,1.354694455574922885e-10,3.114595771911158920e-13,5.467343030284623833e-16,7.626770306638565950e-19,8.714501446174833604e-22,8.351397144590045098e-25,6.841178667246284201e-28,4.865219743094864853e-31,3.042903005392501070e-34,1.692109243857722952e-37,8.444515907056344075e-41,3.812642371842770250e-44,1.568309197622396381e-47,5.913854170248862912e-51,2.055480087732959967e-54,6.617142635105069211e-58,1.981676258366542897e-61,5.542449578332513364e-65,1.452837170299552836e-68,3.580771344343606106e-72,8.322540859230744573e-76,1.829035903724286864e-79,3.810197308398903277e-83,7.540831240934866521e-87,1.420855620816599808e-90,2.553788727414590231e-94,4.386411440108499126e-98,7.211972119061817032e-102,1.136844124840357135e-105,1.720630435983642135e-109,2.503867664610190520e-113,3.507783829785587331e-117,4.736734141189655436e-121,6.172289589491977396e-125,7.769675071230454816e-129,9.457818285772404013e-133,1.114368943502000564e-136,1.272076648447737880e-140,1.408055305377079206e-144,1.512534482810577705e-148,1.578008758032509905e-152,1.600129606253354371e-156,1.578157663846396268e-160,1.514916651055609173e-164,1.416284778709646872e-168,1.290339207058848666e-172,1.146317660731475342e-176,9.935718343086205245e-181,8.406629810912263079e-185,6.947018675551190334e-189,5.609773859251254534e-193,4.428641142013782145e-197,3.419587408527342384e-201
