9.989655789265673436e-01,1.033885875382181685e-03,5.350134308248050814e-07,1.845718681197885817e-10,4.775596163358387671e-14,9.885068162470730682e-18,1.705102519039488758e-21,2.521009800683451322e-25,3.261419211545055966e-29,3.750474299113177189e-33,3.881577589493738776e-37,3.652057987541522525e-41,3.149767493701779487e-45,2.507594002292050492e-49,1.853750430054607753e-53,1.279033983784533425e-57,8.273402994710677325e-62,5.036830496300452923e-66,2.896055689267737057e-70,1.577521859462662179e-74,8.163332165847194809e-79,4.023187299402224896e-83,1.892647122645028347e-87,8.516553733896334409e-92,3.672609279603641568e-96,1.520396273937623774e-100,6.052092075457388099e-105,2.319871024708132936e-109,8.574876765922070005e-114,3.060215196408982223e-118,1.055729824911124119e-122,3.524627091104564184e-127,1.139948613581767971e-131,3.575142961534157112e-136,1.088269791088479160e-140,3.218033846630250247e-145,9.251458071335655610e-150,2.587798989117451960e-154,7.048050713175966392e-159,1.870365535609658735e-163
1.033885875382181685e-03,9.968988772026645684e-01,2.065632250756668873e-03,1.603933052289542804e-06,7.379054742114264849e-10,2.386809677169096797e-13,5.928994950930277510e-17,1.193218848046900025e-20,2.016286047227182427e-24,2.934602243832487563e-28,3.749698023767916985e-32,4.268931933483062405e-36,4.381713673450060546e-40,4.094045793324223738e-44,3.510112572273967050e-48,2.780241948124221596e-52,2.046189633722034277e-56,1.406307262076840767e-60,9.065252343265594055e-65,5.501906367628769230e-69,3.154717194087383183e-73,1.714130785125159718e-77,8.850179313539001953e-82,4.352696629426066719e-86,2.043796614690690448e-90,9.180763016607575511e-95,3.952715609713547994e-99,1.633939589739126422e-103,6.495158684958505585e-108,2.486536772803198753e-112,9.180012162258337041e-117,3.272543933992673062e-121,1.127807713621987570e-125,3.761594469084488842e-130,1.215474605702131629e-134,3.808719009770937367e-139,1.158425575246261827e-143,3.422847991947254842e-148,9.833100514086540176e-153,2.748593891562595929e-157
5.350134308248050814e-07,2.065632250756668873e-03,9.948353833447710626e-01,3.095241893555438287e-03,3.205652960980888405e-06,1.843809134585012212e-09,7.157464943132913675e-13,2.074432380907706677e-16,4.771464122380932906e-20,9.070939716336919191e-24,1.466963672379151279e-27,2.061907045986684435e-31,2.560877198039567167e-35,2.847622626692748349e-39,2.865375761451687992e-43,2.632195211638302497e-47,2.223886641966563731e-51,1.739036187635339672e-55,1.265522431791652316e-59,8.610999414424438024e-64,5.501306989319450885e-68,3.312110237349809787e-72,1.885358014868229542e-76,1.017674864179435320e-80,5.222765893547493473e-85,2.554525435181892508e-89,1.193400376471533840e-93,5.335741257901580890e-98,2.287340059951473969e-102,9.417283876648166363e-107,3.729538943919255970e-111,1.422803710634753099e-115,5.235720680197986933e-120,1.860762358517789166e-124,6.394309497483566341e-129,2.126951065615955614e-133,6.855288774963997076e-138,2.142964093544869401e-142,6.503047365336999208e-147,1.917350155174277072e-151
1.845718681197885817e-10,1.603933052289542804e-06,3.095241893555438287e-03,9.927750936643140456e-01,4.122717568537519715e-03,5.339068589071320737e-06,3.685710056359445715e-09,1.669383795221628294e-12,5.529911355457884366e-16,1.431015973136571599e-19,3.022864264590496673e-23,5.377629754085096883e-27,8.245921052957222476e-31,1.109504639923338948e-34,1.328661341989334956e-38,1.432459768816214728e-42,1.403629893171970011e-46,1.260028534328336784e-50,1.043286728915010794e-54,8.013999524388750153e-59,5.740006142418699308e-63,3.850495372271900454e-67,2.428629467397716534e-71,1.445298674400518886e-75,8.140632928922557181e-80,4.351913227671115426e-84,2.213731104539887581e-88,1.073971411927373449e-92,4.979628710824492577e-97,2.210925883889607358e-101,9.416587710686404626e-106,3.853581838895458354e-110,1.517552578969452644e-114,5.758908197885499362e-119,2.108727596857554516e-123,7.459559826030682274e-128,2.552185894828847446e-132,8.454356139048141553e-137,2.714265114506066681e-141,8.453488635877361190e-146
4.775596163358387671e-14,7.379054742114264849e-10,3.205652960980888405e-06,4.122717568537519715e-03,9.907180044760607318e-01,5.148062037791061203e-03,8.003076703134215294e-06,6.446654781438431577e-09,3.337385398797005900e-12,1.243800818954484645e-15,3.576482067231414560e-19,8.310725907635563026e-23,1.612917893916388490e-26,2.679369634258565353e-30,3.882535527561800578e-34,4.981620610769766949e-38,5.728926767717594467e-42,5.964545071650468267e-46,5.669345976548185658e-50,4.954970870438557184e-54,4.006511881474773153e-58,3.013156693295365086e-62,2.117541743119207593e-66,1.396317418694301936e-70,8.670937306753327618e-75,5.087416884319217311e-79,2.828489026069003768e-83,1.494139622440714579e-87,7.517177445760427738e-92,3.609943401974662796e-96,1.658067291941664536e-100,7.297315986358226700e-105,3.082645430704247333e-109,1.251894495805292898e-113,4.894745121904318481e-118,1.845017296574158581e-122,6.713182740523834697e-127,2.360628231224800222e-131,8.031163343894074192e-136,2.646256326389917866e-140
9.885068162470730682e-18,2.386809677169096797e-13,1.843809134585012212e-09,5.339068589071320737e-06,5.148062037791061203e-03,9.886641120981167763e-01,6.171278060735416356e-03,1.119657540295978066e-05,1.030930963011197756e-08,6.004806717011834697e-12,2.486743440865889254e-15,7.865933888734227536e-19,1.994058147173355066e-22,4.192622050949234585e-26,7.500682100532281930e-30,1.164541484148264642e-33,1.593843626118023575e-37,1.947524964081878077e-41,2.146918760413742447e-45,2.154054188221010897e-49,1.981731943611065780e-53,1.682530104573404341e-57,1.325636488273226439e-61,9.739630857574413071e-66,6.701629959533939094e-70,4.335041324718373159e-74,2.645207880702952203e-78,1.527246617355699185e-82,8.366460257172509589e-87,4.359601933972377752e-91,2.165793606635438633e-95,1.027922911933243781e-99,4.669936983122124931e-104,2.034400767785645562e-108,8.512295214807786278e-113,3.426092807962063835e-117,1.328326526520763542e-121,4.967443631097162586e-126,1.793968233951736552e-130,6.263936939046469207e-135
1.705102519039488758e-21,5.928994950930277510e-17,7.157464943132913675e-13,3.685710056359445715e-09,8.003076703134215294e-06,6.171278060735416356e-03,9.866134128519224999e-01,7.192368394123199553e-03,1.491846412037183629e-05,1.545596114428366871e-08,1.000386776666599073e-11,4.557456784365299370e-15,1.572721574911667165e-18,4.319341439016516571e-22,9.780534839698963762e-26,1.874782382989500642e-29,3.104859598804895419e-33,4.515111323452544371e-37,5.841644624270050897e-41,6.797570911284268055e-45,7.179189816981361209e-49,6.935164499345328517e-53,6.168525891663091961e-57,5.081022186172168169e-61,3.895427923805754830e-65,2.792056824756110630e-69,1.878332749463212264e-73,1.190231552010892731e-77,7.126509472818523252e-82,4.043440366673469828e-86,2.179620489358398347e-90,1.118904279205764472e-94,5.481835246914471450e-99,2.568275468031484721e-103,1.152744818182553830e-107,4.965162940506620092e-112,2.055518427376812123e-116,8.190817064055803921e-121,3.145850300527102067e-125,1.166008362172523125e-129
2.521009800683451322e-25,1.193218848046900025e-20,2.074432380907706677e-16,1.669383795221628294e-12,6.446654781438431577e-09,1.119657540295978066e-05,7.192368394123199553e-03,9.845659030622507801e-01,8.211335792042374557e-03,1.916764361804544726e-05,2.206851653032391551e-08,1.571385500265440218e-11,7.810087596027658080e-15,2.919904930507801519e-18,8.636447664660053404e-22,2.095346868309158521e-25,4.284329868653245505e-29,7.538954409916598667e-33,1.160828357682441320e-36,1.585336792619376177e-40,1.941875969023978256e-44,2.153459741703348391e-48,2.179341154169155408e-52,2.026554584418328845e-56,1.741864422648725322e-60,1.391072696308086640e-64,1.036942348830746587e-68,7.244283636195299517e-73,4.760478272053838627e-77,2.952145364482558092e-81,1.732753559367438024e-85,9.651805831137933349e-90,5.114583780315314770e-94,2.584095640576815242e-98,1.247355867296600140e-102,5.763312701975273313e-107,2.553336186325205195e-111,1.086415766041774216e-115,4.446155934802520468e-120,1.752578088980525215e-124
3.261419211545055966e-29,2.016286047227182427e-24,4.771464122380932906e-20,5.529911355457884366e-16,3.337385398797005900e-12,1.030930963011197756e-08,1.491846412037183629e-05,8.211335792042374557e-03,9.825215790572052743e-01,9.228183005918308424e-03,2.394301598832540730e-05,3.032850410154941075e-08,2.356102326320070879e-11,1.268701361958515262e-14,5.108322557345191753e-18,1.618914937032349532e-21,4.189729895433130232e-25,9.102316453964824599e-29,1.695945546973181987e-32,2.756491791057036346e-36,3.962710922105035303e-40,5.096670761641961496e-44,5.921197089617379721e-48,6.264795244212590212e-52,6.078923500937881971e-56,5.442700369321504024e-60,4.520493738191503169e-64,3.499318228742182457e-68,2.535249357637031218e-72,1.725511011768494080e-76,1.106954881900653151e-80,6.713840953678251006e-85,3.860402681148636875e-89,2.109597848239967781e-93,1.098156453144687854e-97,5.456778498589049878e-102,2.593305603860179839e-106,1.180836507033208664e-110,5.160130319882033370e-115,2.167360815198333886e-119
3.750474299113177189e-33,2.934602243832487563e-28,9.070939716336919191e-24,1.431015973136571599e-19,1.243800818954484645e-15,6.004806717011834697e-12,1.545596114428366871e-08,1.916764361804544726e-05,9.228183005918308424e-03,9.804804371682167563e-01,1.024291278451585838e-02,2.924348465204548679e-05,4.041707372032930942e-08,3.401849782696550761e-11,1.972854535311887826e-14,8.511353175372201565e-18,2.877326292148035087e-21,7.912114055814634364e-25,1.820086461878878286e-28,3.579655752918373957e-32,6.124480692208717954e-36,9.244853238956894180e-40,1.245668651898086951e-43,1.512985999692048106e-47,1.670395939191390979e-51,1.688384260069266612e-55,1.572154852075134548e-59,1.356000379709077309e-63,1.088564109662943630e-67,8.168331614854860342e-72,5.751162216204610251e-76,3.812501454210333525e-80,2.386937569334279219e-84,1.415363787126269146e-88,7.968957400845658574e-93,4.270281032047022040e-97,2.182550042825633890e-101,1.066060651983105127e-105,4.985410141115571330e-110,2.235907168609090798e-114
3.881577589493738776e-37,3.749698023767916985e-32,1.466963672379151279e-27,3.022864264590496673e-23,3.576482067231414560e-19,2.486743440865889254e-15,1.000386776666599073e-11,2.206851653032391551e-08,2.394301598832540730e-05,1.024291278451585838e-02,9.784424737300413399e-01,1.125552787394139449e-02,3.506795435734862251e-05,5.251499723981776469e-08,4.760617658193807256e-11,2.958260755256648416e-14,1.361413779177020679e-17,4.890189004097441560e-21,1.423852967233445433e-24,3.457448444100472245e-28,7.157964278561980380e-32,1.285919091703803135e-35,2.033543868190622938e-39,2.864614297736872868e-43,3.630665317217734793e-47,4.175449600992851220e-51,4.389264576073950425e-55,4.244329967796578241e-59,3.796387430230182575e-63,3.156509200458468468e-67,2.450257946465872798e-71,1.782692543993397369e-75,1.219890670542381669e-79,7.876214629381117090e-84,4.811838442316917989e-88,2.788913043048384982e-92,1.537183317545642503e-96,8.074838182371538658e-101,4.050741332003241471e-105,1.944175804262730672e-109
3.652057987541522525e-41,4.268931933483062405e-36,2.061907045986684435e-31,5.377629754085096883e-27,8.310725907635563026e-23,7.865933888734227536e-19,4.557456784365299370e-15,1.571385500265440218e-11,3.032850410154941075e-08,2.924348465204548679e-05,1.125552787394139449e-02,9.764076850807578145e-01,1.226603101764493255e-02,4.141533117850791900e-05,6.680266894531389499e-08,6.489063230601983422e-11,4.301440050431931411e-14,2.103380886647960333e-17,8.000056834122166082e-21,2.458816731260306764e-24,6.284968640130400103e-28,1.366263301628139529e-31,2.571394549681311725e-35,4.251278335570118824e-39,6.249143469056320214e-43,8.250373414000978795e-47,9.867967724356746828e-51,1.077233761449951438e-54,1.080250662818969443e-58,1.000756739955523369e-62,8.607770497917386018e-67,6.904591762181571839e-71,5.185526738625823590e-75,3.659342656237995702e-79,2.434256377007862145e-83,1.530912740241454162e-87,9.126625133948557980e-92,5.170129316348895644e-96,2.789283340791214308e-100,1.436069418762035868e-104
3.149767493701779487e-45,4.381713673450060546e-40,2.560877198039567167e-35,8.245921052957222476e-31,1.612917893916388490e-26,1.994058147173355066e-22,1.572721574911667165e-18,7.810087596027658080e-15,2.356102326320070879e-11,4.041707372032930942e-08,3.506795435734862251e-05,1.226603101764493255e-02,9.743760675617664235e-01,1.327442495642214282e-02,4.828452251474841552e-05,8.346010599524877542e-08,8.648501505920908551e-11,6.091604108966454984e-14,3.154138248800752779e-17,1.266347896228041628e-20,4.097085313619229821e-24,1.099641836827189446e-27,2.504344693492829357e-31,4.927656063279306502e-35,8.501202828656953343e-39,1.301712398226841365e-42,1.787334227388036244e-46,2.220005496959094931e-50,2.513239393067021873e-54,2.610305560083147811e-58,2.501619286080498804e-62,2.223443904430521757e-66,1.841042985424193405e-70,1.425885683399779621e-74,1.036720443463724089e-78,7.099302092666872976e-83,4.592357959209263954e-87,2.813818718789634302e-91,1.637082103389389347e-95,9.064500713624676445e-100
2.507594002292050492e-49,4.094045793324223738e-44,2.847622626692748349e-39,1.109504639923338948e-34,2.679369634258565353e-30,4.192622050949234585e-26,4.319341439016516571e-22,2.919904930507801519e-18,1.268701361958515262e-14,3.401849782696550761e-11,5.251499723981776469e-08,4.141533117850791900e-05,1.327442495642214282e-02,9.723476175177834246e-01,1.428071242841643176e-02,5.567443708906986950e-05,1.026669488617999728e-07,1.130489546872950429e-10,8.431618366380958907e-14,4.608531007712127366e-17,1.947723395623897457e-20,6.616846300229484226e-24,1.860547118892672200e-27,4.429929895163933443e-31,9.095641933561407792e-35,1.634586383469955588e-38,2.603039869157465321e-42,3.711643438263469350e-46,4.780931705858107758e-50,5.605774460802641284e-54,6.023089350695303237e-58,5.964749945225949213e-62,5.472526244473150995e-66,4.672956162130839560e-70,3.728888606531210838e-74,2.790919229940125388e-78,1.965791022687666139e-82,1.306947507363065407e-86,8.224353754393276207e-91,4.910869798156173381e-95
1.853750430054607753e-53,3.510112572273967050e-48,2.865375761451687992e-43,1.328661341989334956e-38,3.882535527561800578e-34,7.500682100532281930e-30,9.780534839698963762e-26,8.636447664660053404e-22,5.108322557345191753e-18,1.972854535311887826e-14,4.760617658193807256e-11,6.680266894531389499e-08,4.828452251474841552e-05,1.428071242841643176e-02,9.703223312968413117e-01,1.528489616912099766e-02,6.358398494707006177e-05,1.246024617711337372e-07,1.452884634369708971e-10,1.143896207722078097e-13,6.581668613990722058e-17,2.920829072692196269e-20,1.039550969214994461e-23,3.055980386935707371e-27,7.592736432356441457e-31,1.623941595296496698e-34,3.035177059739234217e-38,5.019406065406043674e-42,7.422262483943787440e-46,9.902077318514115750e-50,1.201091120315347975e-53,1.333530701670801259e-57,1.363222885358866885e-61,1.289819109467302467e-65,1.134748921588208651e-69,9.321344414241034685e-74,7.176003575929297696e-78,5.194856769096722432e-82,3.547135233797224389e-86,2.290887577829266957e-90
1.279033983784533425e-57,2.780241948124221596e-52,2.632195211638302497e-47,1.432459768816214728e-42,4.981620610769766949e-38,1.164541484148264642e-33,1.874782382989500642e-29,2.095346868309158521e-25,1.618914937032349532e-21,8.511353175372201565e-18,2.958260755256648416e-14,6.489063230601983422e-11,8.346010599524877542e-08,5.567443708906986950e-05,1.528489616912099766e-02,9.683002052502854839e-01,1.628697891138091922e-02,7.201207745576933847e-05,1.494455331432756498e-07,1.839558386822737351e-10,1.524668637268871304e-13,9.211610859554934640e-17,4.282774080513986951e-20,1.593611515287661894e-23,4.888556440003762193e-27,1.265217931312359516e-30,2.814346536238639032e-34,5.462448781052848259e-38,9.368172646579081109e-42,1.434772724139195137e-45,1.980159252868572964e-49,2.481952738540994946e-53,2.844538346673552797e-57,2.998763614974657793e-61,2.923287400016301840e-65,2.647486500679771184e-69,2.236912174292197263e-73,1.769921580887899081e-77,1.315916878365723263e-81,9.221788011509984142e-86
8.273402994710677325e-62,2.046189633722034277e-56,2.223886641966563731e-51,1.403629893171970011e-46,5.728926767717594467e-42,1.593843626118023575e-37,3.104859598804895419e-33,4.284329868653245505e-29,4.189729895433130232e-25,2.877326292148035087e-21,1.361413779177020679e-17,4.301440050431931411e-14,8.648501505920908551e-11,1.026669488617999728e-07,6.358398494707006177e-05,1.628697891138091922e-02,9.662812357327719148e-01,1.728696338539516611e-02,8.095762730243577629e-05,1.773746760316089148e-07,2.298495657622622769e-10,2.000437030654637369e-13,1.266221882080511036e-16,6.154894576008874949e-20,2.389867436840392296e-23,7.636788220178523895e-27,2.055592229457889258e-30,4.748390529471634090e-34,9.557763229256262703e-38,1.697730234810522786e-41,2.689827614728681976e-45,3.836062206274068460e-49,4.963301061752610564e-53,5.866185668228635663e-57,6.371678448339139923e-61,6.394029357502254622e-65,5.956257471285671637e-69,5.172372700998806758e-73,4.203185447658898582e-77,3.207270750499766507e-81
5.036830496300452923e-66,1.406307262076840767e-60,1.739036187635339672e-55,1.260028534328336784e-50,5.964545071650468267e-46,1.947524964081878077e-41,4.515111323452544371e-37,7.538954409916598667e-33,9.102316453964824599e-29,7.912114055814634364e-25,4.890189004097441560e-21,2.103380886647960333e-17,6.091604108966454984e-14,1.130489546872950429e-10,1.246024617711337372e-07,7.201207745576933847e-05,1.728696338539516611e-02,9.642654191022637100e-01,1.828485231871867372e-02,9.041954849341094413e-05,2.085680285620014248e-07,2.838142209298385926e-10,2.587907489155062683e-13,1.712617036549926840e-16,8.687014306794334242e-20,3.513702530729682273e-23,1.167737589398543336e-26,3.264149737551769143e-30,7.819529389292095200e-34,1.630182343742193411e-37,2.995551552902836143e-41,4.904302885947896100e-45,7.219888795181632302e-49,9.633470099596026995e-53,1.173102214397317424e-56,1.311673235888036479e-60,1.353889608212164957e-64,1.296234139919109114e-68,1.156068645072199104e-72,9.641734105164620369e-77
2.896055689267737057e-70,9.065252343265594055e-65,1.265522431791652316e-59,1.043286728915010794e-54,5.669345976548185658e-50,2.146918760413742447e-45,5.841644624270050897e-41,1.160828357682441320e-36,1.695945546973181987e-32,1.820086461878878286e-28,1.423852967233445433e-24,8.000056834122166082e-21,3.154138248800752779e-17,8.431618366380958907e-14,1.452884634369708971e-10,1.494455331432756498e-07,8.095762730243577629e-05,1.828485231871867372e-02,9.622527517200301084e-01,1.928064843626443869e-02,1.003967563529371826e-04,2.432033543715620115e-07,3.467403744116265850e-10,3.305629512868965813e-13,2.282813987702801135e-16,1.206217532266689698e-19,5.074180657836668685e-23,1.751243777584856899e-26,5.076610710527895887e-30,1.259595744520745851e-33,2.716537941182858636e-37,5.158242652785617468e-41,8.717557501068395504e-45,1.323475034044283763e-48,1.819433896770259173e-52,2.280769769942148967e-56,2.623060671656019100e-60,2.782707273259231844e-64,2.736224562955017952e-68,2.504579724562256698e-72
1.577521859462662179e-74,5.501906367628769230e-69,8.610999414424438024e-64,8.013999524388750153e-59,4.954970870438557184e-54,2.154054188221010897e-49,6.797570911284268055e-45,1.585336792619376177e-40,2.756491791057036346e-36,3.579655752918373957e-32,3.457448444100472245e-28,2.458816731260306764e-24,1.266347896228041628e-20,4.608531007712127366e-17,1.143896207722078097e-13,1.839558386822737351e-10,1.773746760316089148e-07,9.041954849341094413e-05,1.928064843626443869e-02,9.602432299506431512e-01,2.027435446030550689e-02,1.108881675219848225e-04,2.814580430470247565e-07,4.195644935788129892e-10,4.174091003148172681e-13,3.002814185017023434e-16,1.650186304016417001e-19,7.209019142770209220e-23,2.580246041908805246e-26,7.747052879695536036e-30,1.988492300232603226e-33,4.431540350137646590e-37,8.686282041896018852e-41,1.513893145980454737e-44,2.368017345060366807e-48,3.351180656733784288e-52,4.320961551863208031e-56,5.107509019477763454e-60,5.564838539699614126e-64,5.615907337043012297e-68
8.163332165847194809e-79,3.154717194087383183e-73,5.501306989319450885e-68,5.740006142418699308e-63,4.006511881474773153e-58,1.981731943611065780e-53,7.179189816981361209e-49,1.941875969023978256e-44,3.962710922105035303e-40,6.124480692208717954e-36,7.157964278561980380e-32,6.284968640130400103e-28,4.097085313619229821e-24,1.947723395623897457e-20,6.581668613990722058e-17,1.524668637268871304e-13,2.298495657622622769e-10,2.085680285620014248e-07,1.003967563529371826e-04,2.027435446030550689e-02,9.582368501619754619e-01,2.126597311047708980e-02,1.218926999570810974e-04,3.235091105627635722e-07,5.032688462288625001e-10,5.215813064759746279e-13,3.902503801279739577e-16,2.227174983757029014e-19,1.009030521948523014e-22,3.740582234092047120e-26,1.161839240683069542e-29,3.081631370495727462e-33,7.089335510530359135e-37,1.433024619555687833e-40,2.573263186926052426e-44,4.143494221060562290e-48,6.031390688226838566e-52,7.992859598619642011e-56,9.703209901201268343e-60,1.085031205259940275e-63
4.023187299402224896e-83,1.714130785125159718e-77,3.312110237349809787e-72,3.850495372271900454e-67,3.013156693295365086e-62,1.682530104573404341e-57,6.935164499345328517e-53,2.153459741703348391e-48,5.096670761641961496e-44,9.244853238956894180e-40,1.285919091703803135e-35,1.366263301628139529e-31,1.099641836827189446e-27,6.616846300229484226e-24,2.920829072692196269e-20,9.211610859554934640e-17,2.000437030654637369e-13,2.838142209298385926e-10,2.432033543715620115e-07,1.108881675219848225e-04,2.126597311047708980e-02,9.562336087251973593e-01,2.225550710377856289e-02,1.334092729291393815e-04,3.695331997184358873e-07,5.988814039780154136e-10,6.455444608006500704e-13,5.016020762837940386e-16,2.968798130668668759e-19,1.393102572599663943e-22,5.342582657810493262e-26,1.714773250211398121e-29,4.695009163922039293e-33,1.113861042517628890e-36,2.319792043075690887e-40,4.288180121943486110e-44,7.102213981006843214e-48,1.062544201940359668e-51,1.446160649097885980e-55,1.801828373000719565e-59
1.892647122645028347e-87,8.850179313539001953e-82,1.885358014868229542e-76,2.428629467397716534e-71,2.117541743119207593e-66,1.325636488273226439e-61,6.168525891663091961e-57,2.179341154169155408e-52,5.921197089617379721e-48,1.245668651898086951e-43,2.033543868190622938e-39,2.571394549681311725e-35,2.504344693492829357e-31,1.860547118892672200e-27,1.039550969214994461e-23,4.282774080513986951e-20,1.266221882080511036e-16,2.587907489155062683e-13,3.467403744116265850e-10,2.814580430470247565e-07,1.218926999570810974e-04,2.225550710377856289e-02,9.542335020147755253e-01,2.324295915457553693e-02,1.454368070222892000e-04,4.197065805762553333e-07,7.074757457644752447e-10,7.919856751031569230e-13,6.382138063453027553e-16,3.912402923670685437e-19,1.899248336597296244e-22,7.526626158169297872e-26,2.493746235162958669e-29,7.041298846470367425e-33,1.721147497580233855e-36,3.690032558635045470e-40,7.016053655129275121e-44,1.194308725907732640e-47,1.835080146657836261e-51,2.563353605973779359e-55
8.516553733896334409e-92,4.352696629426066719e-86,1.017674864179435320e-80,1.445298674400518886e-75,1.396317418694301936e-70,9.739630857574413071e-66,5.081022186172168169e-61,2.026554584418328845e-56,6.264795244212590212e-52,1.512985999692048106e-47,2.864614297736872868e-43,4.251278335570118824e-39,4.927656063279306502e-35,4.429929895163933443e-31,3.055980386935707371e-27,1.593611515287661894e-23,6.154894576008874949e-20,1.712617036549926840e-16,3.305629512868965813e-13,4.195644935788129892e-10,3.235091105627635722e-07,1.334092729291393815e-04,2.324295915457553693e-02,9.522365264084684533e-01,2.422833197460192226e-02,1.579742241327076080e-04,4.742051508978960499e-07,8.301709614622047642e-10,9.638237022532540664e-13,8.044663327321732072e-16,5.101813535460621032e-19,2.559267596300794594e-22,1.046965978452087690e-25,3.577310361057504799e-29,1.040708091528791394e-32,2.618720431001539789e-36,5.774849131177499204e-40,1.128513741798753353e-43,1.972950435199003341e-47,3.111278749185693172e-51
3.672609279603641568e-96,2.043796614690690448e-90,5.222765893547493473e-85,8.140632928922557181e-80,8.670937306753327618e-75,6.701629959533939094e-70,3.895427923805754830e-65,1.741864422648725322e-60,6.078923500937881971e-56,1.670395939191390979e-51,3.630665317217734793e-47,6.249143469056320214e-43,8.501202828656953343e-39,9.095641933561407792e-35,7.592736432356441457e-31,4.888556440003762193e-27,2.389867436840392296e-23,8.687014306794334242e-20,2.282813987702801135e-16,4.174091003148172681e-13,5.032688462288625001e-10,3.695331997184358873e-07,1.454368070222892000e-04,2.422833197460192226e-02,9.502426782873267808e-01,2.521162827296196188e-02,1.710204474674506243e-04,5.332044365810263079e-07,9.681315556052212174e-10,1.164218336511061059e-12,1.005285458686413316e-15,6.588136979558727750e-19,3.411571823480046118e-22,1.439280191129398501e-25,5.066902579367657830e-29,1.517437479362978989e-32,3.927455144588454356e-36,8.901576009129111078e-40,1.786566838682387385e-43,3.205629669757910480e-47
1.520396273937623774e-100,9.180763016607575511e-95,2.554525435181892508e-89,4.351913227671115426e-84,5.087416884319217311e-79,4.335041324718373159e-74,2.792056824756110630e-69,1.391072696308086640e-64,5.442700369321504024e-60,1.688384260069266612e-55,4.175449600992851220e-51,8.250373414000978795e-47,1.301712398226841365e-42,1.634586383469955588e-38,1.623941595296496698e-34,1.265217931312359516e-30,7.636788220178523895e-27,3.513702530729682273e-23,1.206217532266689698e-19,3.002814185017023434e-16,5.215813064759746279e-13,5.988814039780154136e-10,4.197065805762553333e-07,1.579742241327076080e-04,2.521162827296196188e-02,9.482519540356886267e-01,2.619285075613228542e-02,1.845744015432865888e-04,5.968795920954720853e-07,1.122567351222322894e-09,1.396579793947989572e-12,1.246185224091801710e-15,8.430632822630658542e-19,4.502238870933007243e-22,1.957015820262903408e-25,7.092328580289259952e-29,2.184733010893582647e-32,5.811708013306801647e-36,1.352839488969190970e-39,2.786659645873208047e-43
6.052092075457388099e-105,3.952715609713547994e-99,1.193400376471533840e-93,2.213731104539887581e-88,2.828489026069003768e-83,2.645207880702952203e-78,1.878332749463212264e-73,1.036942348830746587e-68,4.520493738191503169e-64,1.572154852075134548e-59,4.389264576073950425e-55,9.867967724356746828e-51,1.787334227388036244e-46,2.603039869157465321e-42,3.035177059739234217e-38,2.814346536238639032e-34,2.055592229457889258e-30,1.167737589398543336e-26,5.074180657836668685e-23,1.650186304016417001e-19,3.902503801279739577e-16,6.455444608006500704e-13,7.074757457644752447e-10,4.742051508978960499e-07,1.710204474674506243e-04,2.619285075613228542e-02,9.462643500411779263e-01,2.717200212796397341e-02,1.986350121855287479e-04,6.654054009190126591e-07,1.294733393782141221e-09,1.664578072976199094e-12,1.533312715901718862e-15,1.069764914928499677e-18,5.886188749340425996e-22,2.633898966287930222e-25,9.818299094186754193e-29,3.108506777662565722e-32,8.492682195403879676e-36,2.028959179720007115e-39
2.319871024708132936e-109,1.633939589739126422e-103,5.335741257901580890e-98,1.073971411927373449e-92,1.494139622440714579e-87,1.527246617355699185e-82,1.190231552010892731e-77,7.244283636195299517e-73,3.499318228742182457e-68,1.356000379709077309e-63,4.244329967796578241e-59,1.077233761449951438e-54,2.220005496959094931e-50,3.711643438263469350e-46,5.019406065406043674e-42,5.462448781052848259e-38,4.748390529471634090e-34,3.264149737551769143e-30,1.751243777584856899e-26,7.209019142770209220e-23,2.227174983757029014e-19,5.016020762837940386e-16,7.919856751031569230e-13,8.301709614622047642e-10,5.332044365810263079e-07,1.845744015432865888e-04,2.717200212796397341e-02,9.442798626947016549e-01,2.814908508968449324e-02,2.132012065268703877e-04,7.389562759728047747e-07,1.485929855248433907e-09,1.972152295009050625e-12,1.873494489746977183e-15,1.346762716147233832e-18,7.628489368568297313e-22,3.511138222568384973e-25,1.345217394435379958e-28,4.374180722572838852e-32,1.226525416974339246e-35
8.574876765922070005e-114,6.495158684958505585e-108,2.287340059951473969e-102,4.979628710824492577e-97,7.517177445760427738e-92,8.366460257172509589e-87,7.126509472818523252e-82,4.760478272053838627e-77,2.535249357637031218e-72,1.088564109662943630e-67,3.796387430230182575e-63,1.080250662818969443e-58,2.513239393067021873e-54,4.780931705858107758e-50,7.422262483943787440e-46,9.368172646579081109e-42,9.557763229256262703e-38,7.819529389292095200e-34,5.076610710527895887e-30,2.580246041908805246e-26,1.009030521948523014e-22,2.968798130668668759e-19,6.382138063453027553e-16,9.638237022532540664e-13,9.681315556052212174e-10,5.968795920954720853e-07,1.986350121855287479e-04,2.814908508968449324e-02,9.422984883904481634e-01,2.912410233989989189e-02,2.282719130062196692e-04,8.177062600564435958e-07,1.697501938245522561e-09,2.323520025275047442e-12,2.274284599299084375e-15,1.683017678954779948e-18,9.805801430146021196e-22,4.638757789859283080e-25,1.825308581477847260e-28,6.091557789779550244e-32
3.060215196408982223e-118,2.486536772803198753e-112,9.417283876648166363e-107,2.210925883889607358e-101,3.609943401974662796e-96,4.359601933972377752e-91,4.043440366673469828e-86,2.952145364482558092e-81,1.725511011768494080e-76,8.168331614854860342e-72,3.156509200458468468e-67,1.000756739955523369e-62,2.610305560083147811e-58,5.605774460802641284e-54,9.902077318514115750e-50,1.434772724139195137e-45,1.697730234810522786e-41,1.630182343742193411e-37,1.259595744520745851e-33,7.747052879695536036e-30,3.740582234092047120e-26,1.393102572599663943e-22,3.912402923670685437e-19,8.044663327321732072e-16,1.164218336511061059e-12,1.122567351222322894e-09,6.654054009190126591e-07,2.132012065268703877e-04,2.912410233989989189e-02,9.403202235258840691e-01,3.009705657459678038e-02,2.438460613675362250e-04,9.018290262826488958e-07,1.930839780333796924e-09,2.723186573807681623e-12,2.744014229968189401e-15,2.088722568700022402e-18,1.250797196451118551e-21,6.077113839737672244e-25,2.454263338752687410e-28
1.055729824911124119e-122,9.180012162258337041e-117,3.729538943919255970e-111,9.416587710686404626e-106,1.658067291941664536e-100,2.165793606635438633e-95,2.179620489358398347e-90,1.732753559367438024e-85,1.106954881900653151e-80,5.751162216204610251e-76,2.450257946465872798e-71,8.607770497917386018e-67,2.501619286080498804e-62,6.023089350695303237e-58,1.201091120315347975e-53,1.980159252868572964e-49,2.689827614728681976e-45,2.995551552902836143e-41,2.716537941182858636e-37,1.988492300232603226e-33,1.161839240683069542e-29,5.342582657810493262e-26,1.899248336597296244e-22,5.101813535460621032e-19,1.005285458686413316e-15,1.396579793947989572e-12,1.294733393782141221e-09,7.389562759728047747e-07,2.282719130062196692e-04,3.009705657459678038e-02,9.383450645017512581e-01,3.106795048714431490e-02,2.599225826586669158e-04,9.914978785115838486e-07,2.187378358395191943e-09,3.175954276633634915e-12,3.291842933518839227e-15,2.575424397579754073e-18,1.583978631282104113e-21,7.898612347342449473e-25
3.524627091104564184e-127,3.272543933992673062e-121,1.422803710634753099e-115,3.853581838895458354e-110,7.297315986358226700e-105,1.027922911933243781e-99,1.118904279205764472e-94,9.651805831137933349e-90,6.713840953678251006e-85,3.812501454210333525e-80,1.782692543993397369e-75,6.904591762181571839e-71,2.223443904430521757e-66,5.964749945225949213e-62,1.333530701670801259e-57,2.481952738540994946e-53,3.836062206274068460e-49,4.904302885947896100e-45,5.158242652785617468e-41,4.431540350137646590e-37,3.081631370495727462e-33,1.714773250211398121e-29,7.526626158169297872e-26,2.559267596300794594e-22,6.588136979558727750e-19,1.246185224091801710e-15,1.664578072976199094e-12,1.485929855248433907e-09,8.177062600564435958e-07,2.438460613675362250e-04,3.106795048714431490e-02,9.363730077220661085e-01,3.203678676829631311e-02,2.765004092301842978e-04,1.086885751784811607e-06,2.468597393128517112e-09,3.686931757181751031e-12,3.927811460190418354e-15,3.156154710425058532e-18,1.992288865868637792e-21
1.139948613581767971e-131,1.127807713621987570e-125,5.235720680197986933e-120,1.517552578969452644e-114,3.082645430704247333e-109,4.669936983122124931e-104,5.481835246914471450e-99,5.114583780315314770e-94,3.860402681148636875e-89,2.386937569334279219e-84,1.219890670542381669e-79,5.185526738625823590e-75,1.841042985424193405e-70,5.472526244473150995e-66,1.363222885358866885e-61,2.844538346673552797e-57,4.963301061752610564e-53,7.219888795181632302e-49,8.717557501068395504e-45,8.686282041896018852e-41,7.089335510530359135e-37,4.695009163922039293e-33,2.493746235162958669e-29,1.046965978452087690e-25,3.411571823480046118e-22,8.430632822630658542e-19,1.533312715901718862e-15,1.972152295009050625e-12,1.697501938245522561e-09,9.018290262826488958e-07,2.599225826586669158e-04,3.203678676829631311e-02,9.344040495941157154e-01,3.300356810619328035e-02,2.935784747342252521e-04,1.188165212758877491e-06,2.776021253654621755e-09,4.261543167935160096e-12,4.662896184913069102e-15,3.845567917425506342e-18
3.575142961534157112e-136,3.761594469084488842e-130,1.860762358517789166e-124,5.758908197885499362e-119,1.251894495805292898e-113,2.034400767785645562e-108,2.568275468031484721e-103,2.584095640576815242e-98,2.109597848239967781e-93,1.415363787126269146e-88,7.876214629381117090e-84,3.659342656237995702e-79,1.425885683399779621e-74,4.672956162130839560e-70,1.289819109467302467e-65,2.998763614974657793e-61,5.866185668228635663e-57,9.633470099596026995e-53,1.323475034044283763e-48,1.513893145980454737e-44,1.433024619555687833e-40,1.113861042517628890e-36,7.041298846470367425e-33,3.577310361057504799e-29,1.439280191129398501e-25,4.502238870933007243e-22,1.069764914928499677e-18,1.873494489746977183e-15,2.323520025275047442e-12,1.930839780333796924e-09,9.914978785115838486e-07,2.765004092301842978e-04,3.300356810619328035e-02,9.324381865284554483e-01,3.396829718636434209e-02,3.111557141233296689e-04,1.295508460138524943e-06,3.111218862231209919e-09,4.905537412348946074e-12,5.509065124213576173e-15
1.088269791088479160e-140,1.215474605702131629e-134,6.394309497483566341e-129,2.108727596857554516e-123,4.894745121904318481e-118,8.512295214807786278e-113,1.152744818182553830e-107,1.247355867296600140e-102,1.098156453144687854e-97,7.968957400845658574e-93,4.811838442316917989e-88,2.434256377007862145e-83,1.036720443463724089e-78,3.728888606531210838e-74,1.134748921588208651e-69,2.923287400016301840e-65,6.371678448339139923e-61,1.173102214397317424e-56,1.819433896770259173e-52,2.368017345060366807e-48,2.573263186926052426e-44,2.319792043075690887e-40,1.721147497580233855e-36,1.040708091528791394e-32,5.066902579367657830e-29,1.957015820262903408e-25,5.886188749340425996e-22,1.346762716147233832e-18,2.274284599299084375e-15,2.723186573807681623e-12,2.187378358395191943e-09,1.086885751784811607e-06,2.935784747342252521e-04,3.396829718636434209e-02,9.304754149389072859e-01,3.493097669172948866e-02,3.292310636492815708e-04,1.409087325109550435e-06,3.475803599077303437e-09,5.624997347055689432e-12
3.218033846630250247e-145,3.808719009770937367e-139,2.126951065615955614e-133,7.459559826030682274e-128,1.845017296574158581e-122,3.426092807962063835e-117,4.965162940506620092e-112,5.763312701975273313e-107,5.456778498589049878e-102,4.270281032047022040e-97,2.788913043048384982e-92,1.530912740241454162e-87,7.099302092666872976e-83,2.790919229940125388e-78,9.321344414241034685e-74,2.647486500679771184e-69,6.394029357502254622e-65,1.311673235888036479e-60,2.280769769942148967e-56,3.351180656733784288e-52,4.143494221060562290e-48,4.288180121943486110e-44,3.690032558635045470e-40,2.618720431001539789e-36,1.517437479362978989e-32,7.092328580289259952e-29,2.633898966287930222e-25,7.628489368568297313e-22,1.683017678954779948e-18,2.744014229968189401e-15,3.175954276633634915e-12,2.468597393128517112e-09,1.188165212758877491e-06,3.111557141233296689e-04,3.493097669172948866e-02,9.285157312425564857e-01,3.589160930260140714e-02,3.478034608619486371e-04,1.529073271771279853e-06,3.871433207307190618e-09
9.251458071335655610e-150,1.158425575246261827e-143,6.855288774963997076e-138,2.552185894828847446e-132,6.713182740523834697e-127,1.328326526520763542e-121,2.055518427376812123e-116,2.553336186325205195e-111,2.593305603860179839e-106,2.182550042825633890e-101,1.537183317545642503e-96,9.126625133948557980e-92,4.592357959209263954e-87,1.965791022687666139e-82,7.176003575929297696e-78,2.236912174292197263e-73,5.956257471285671637e-69,1.353889608212164957e-64,2.623060671656019100e-60,4.320961551863208031e-56,6.031390688226838566e-52,7.102213981006843214e-48,7.016053655129275121e-44,5.774849131177499204e-40,3.927455144588454356e-36,2.184733010893582647e-32,9.818299094186754193e-29,3.511138222568384973e-25,9.805801430146021196e-22,2.088722568700022402e-18,3.291842933518839227e-15,3.686931757181751031e-12,2.776021253654621755e-09,1.295508460138524943e-06,3.292310636492815708e-04,3.589160930260140714e-02,9.265591318597500292e-01,3.685019769668755607e-02,3.668718446081261188e-04,1.655637397568691040e-06
2.587798989117451960e-154,3.422847991947254842e-148,2.142964093544869401e-142,8.454356139048141553e-137,2.360628231224800222e-131,4.967443631097162586e-126,8.190817064055803921e-121,1.086415766041774216e-115,1.180836507033208664e-110,1.066060651983105127e-105,8.074838182371538658e-101,5.170129316348895644e-96,2.813818718789634302e-91,1.306947507363065407e-86,5.194856769096722432e-82,1.769921580887899081e-77,5.172372700998806758e-73,1.296234139919109114e-68,2.782707273259231844e-64,5.107509019477763454e-60,7.992859598619642011e-56,1.062544201940359668e-51,1.194308725907732640e-47,1.128513741798753353e-43,8.901576009129111078e-40,5.811708013306801647e-36,3.108506777662565722e-32,1.345217394435379958e-28,4.638757789859283080e-25,1.250797196451118551e-21,2.575424397579754073e-18,3.927811460190418354e-15,4.261543167935160096e-12,3.111218862231209919e-09,1.409087325109550435e-06,3.478034608619486371e-04,3.685019769668755607e-02,9.246056132140934025e-01,3.780674454909235122e-02,3.864351550303775015e-04
7.048050713175966392e-159,9.833100514086540176e-153,6.503047365336999208e-147,2.714265114506066681e-141,8.031163343894074192e-136,1.793968233951736552e-130,3.145850300527102067e-125,4.446155934802520468e-120,5.160130319882033370e-115,4.985410141115571330e-110,4.050741332003241471e-105,2.789283340791214308e-100,1.637082103389389347e-95,8.224353754393276207e-91,3.547135233797224389e-86,1.315916878365723263e-81,4.203185447658898582e-77,1.156068645072199104e-72,2.736224562955017952e-68,5.564838539699614126e-64,9.703209901201268343e-60,1.446160649097885980e-55,1.835080146657836261e-51,1.972950435199003341e-47,1.786566838682387385e-43,1.352839488969190970e-39,8.492682195403879676e-36,4.374180722572838852e-32,1.825308581477847260e-28,6.077113839737672244e-25,1.583978631282104113e-21,3.156154710425058532e-18,4.662896184913069102e-15,4.905537412348946074e-12,3.475803599077303437e-09,1.529073271771279853e-06,3.668718446081261188e-04,3.780674454909235122e-02,9.226551717324485979e-01,3.876125253231892803e-02
