9.998288171891821507e-01,1.711681582043605532e-04,1.465177732396229863e-08,8.361157082914613761e-13,3.578522227343046002e-17,1.225267862292022413e-21,3.496045851214218584e-26,8.550202638439766671e-31,1.829716263342706084e-35,3.480475384591936654e-40,5.958485602875869290e-45,9.273432964424981945e-50,1.322990173803492296e-54,1.742250484661348050e-59,2.130491893520311104e-64,2.431565398754261311e-69,2.601736440420744420e-74,2.620062831131645311e-79,2.491933960618120245e-84,2.245330395683616640e-89,1.921974350918874944e-94,1.566843501259443353e-99,1.219271065089209957e-104,9.075483243391530127e-110,6.473748826128353082e-115,4.433157533351485393e-120,2.919020493877435986e-125,1.850847802580293574e-130,1.131644466238636858e-135,6.680505623186267819e-141,3.812285409047516938e-146,2.105334177719095200e-151,1.126337102066276350e-156,5.843213811640893249e-162,2.942186434487491383e-167,1.439128162818548053e-172,6.843752561957766930e-178,3.166575904544237103e-183,1.426604645443511520e-188,6.262335841337522304e-194
1.711681582043605532e-04,9.994865101763281690e-01,3.422777118077724901e-04,4.395031542077803361e-08,3.344176557513996827e-12,1.789138588982921464e-16,7.351187654235132270e-21,2.447112394476787651e-25,6.839869359282107454e-30,1.646681989047361780e-34,3.480356215899957092e-39,6.554130149225829410e-44,1.112780204193318910e-48,1.719841927730206741e-53,2.439091025117604147e-58,3.195664893734783475e-63,3.890421382886134564e-68,4.422862867027552659e-73,4.716023386840993084e-78,4.734589203003787049e-83,4.490583912722233895e-88,4.036080329770821643e-93,3.447002055052647202e-98,2.804281702637632404e-103,2.178084904530431462e-108,1.618415040820316412e-113,1.152605779814790206e-118,7.881255388004598090e-124,5.182310475328448266e-129,3.281730205273800908e-134,2.004128813308689589e-139,1.181795423768871629e-144,6.736997283319394830e-150,3.716873871707589811e-155,1.986672689140517859e-160,1.029755178198119593e-165,5.180812111245491831e-171,2.532165015316890389e-176,1.203288001555927397e-181,5.563709271117342207e-187
1.465177732396229863e-08,3.422777118077724901e-04,9.991442910641048503e-01,5.133286733511123511e-04,8.789059874127551066e-08,8.359725759790327910e-12,5.367048215956144026e-16,2.572768854931822654e-20,9.787970794370578598e-25,3.077809478840600561e-29,8.233096716752356447e-34,1.914130378106516011e-38,3.932355684824317843e-43,7.232864947923895708e-48,1.203857641466428355e-52,1.829273529839708385e-57,2.556473559041724528e-62,3.306787410070474712e-67,3.980496408375762565e-72,4.480136995341225418e-77,4.734503882332273328e-82,4.715032387130138149e-87,4.439615976026631838e-92,3.963990669374003955e-97,3.365087947414332441e-102,2.722567288851677404e-107,2.103910738028166091e-112,1.555997311558418058e-117,1.103361762129889167e-122,7.514258301080786008e-128,4.922537188358101694e-133,3.106364206873443951e-138,1.890851793399888990e-143,1.111592657785055742e-148,6.318620021884219577e-154,3.476642194413030586e-159,1.853541187961036724e-164,9.584411248092077938e-170,4.811069007554457590e-175,2.346390460988894680e-180
8.361157082914613761e-13,4.395031542077803361e-08,5.133286733511123511e-04,9.988021598357921249e-01,6.843210553732532878e-04,1.464676127380733624e-07,1.671802036185355077e-11,1.252225493874920719e-15,6.860325436430529039e-20,2.936247609836749189e-24,1.025892583776356174e-28,3.018687283182425247e-33,7.656259358440463145e-38,1.703967756297920898e-42,3.375240667984878211e-47,6.019129671635037717e-52,9.755886890127512770e-57,1.448635282485425116e-61,1.984029987694526943e-66,2.520930284064513414e-71,2.986701183174620334e-76,3.314092994211902764e-81,3.457631222650695885e-86,3.403650086018384957e-91,3.171143181101402162e-96,2.804198210328108431e-101,2.359524654572249452e-106,1.893493731039278431e-111,1.452245032589606151e-116,1.066569511109624502e-121,7.514166414039586432e-127,5.086561705129610500e-132,3.313417337084297072e-137,2.079913999896312752e-142,1.259791532474110471e-147,7.371646872958388326e-153,4.171928619813240242e-158,2.286011768253138982e-163,1.214013878223133739e-168,6.254331832337413697e-174
3.578522227343046002e-17,3.344176557513996827e-12,8.789059874127551066e-08,6.843210553732532878e-04,9.984601164746723656e-01,8.552548704110649004e-04,2.196763438654333232e-07,2.925403130016669612e-11,2.504279485486390171e-15,1.543485138102469122e-19,7.340259969871457465e-24,2.821083860046970329e-28,9.055717323119115132e-33,2.488199094232424250e-37,5.963701510972866739e-42,1.265679136092815800e-46,2.407588455985725685e-51,4.146150524702430840e-56,6.518709970102924655e-61,9.423940768586032258e-66,1.260439755242638985e-70,1.567988294516361174e-75,1.822718299512310823e-80,1.988103916710585028e-85,2.042156754780367188e-90,1.981933642159390046e-95,1.822701702305975447e-100,1.592656420011985756e-105,1.325427458741086561e-110,1.052863783279612195e-115,7.999169892466105742e-121,5.823407759279553086e-126,4.069201319722475704e-131,2.733538104490795895e-136,1.767907373207140401e-141,1.102305796317136873e-146,6.634413349050387865e-152,3.858995111241799976e-157,2.171689934658231479e-162,1.183652273501366415e-167
1.225267862292022413e-21,1.789138588982921464e-16,8.359725759790327910e-12,1.464676127380733624e-07,8.552548704110649004e-04,9.981181609640302765e-01,1.026130130999412587e-03,3.075117795791131703e-07,4.680244345603466649e-11,4.507394389179400914e-15,3.086794115351331329e-19,1.614778204955516975e-23,6.770311487015206067e-28,2.354396930377096789e-32,6.966718919317365888e-37,1.789054764132147260e-41,4.050057672582765703e-46,8.185585152755029266e-51,1.492577684459280783e-55,2.477053245478507223e-60,3.769495639924738593e-65,5.293740349590537124e-70,6.899017261041291849e-75,8.384353082811967120e-80,9.542735428636021962e-85,1.021061729240126997e-89,1.030589454232018534e-94,9.842442668788722023e-100,8.918748711630128356e-105,7.687373974791392331e-110,6.317099508665830287e-115,4.959422440781544756e-120,3.726935391061895720e-125,2.685641162093374563e-130,1.858784696241415349e-135,1.237521492700302265e-140,7.936516813274749486e-146,4.909414939725039629e-151,2.932806749652009165e-156,1.693901577951124724e-161
3.496045851214218584e-26,7.351187654235132270e-21,5.367048215956144026e-16,1.671802036185355077e-11,2.196763438654333232e-07,1.026130130999412587e-03,9.977762932871535595e-01,1.196946849671160417e-03,4.099689083362203254e-07,7.019765571070833239e-11,7.511809539767163132e-15,5.658799600359503873e-19,3.229398440322886912e-23,1.466838039686702392e-27,5.493383839954638694e-32,1.741620095645078878e-36,4.770664204356349232e-41,1.147483598637727975e-45,2.455610868190258593e-50,4.726380406147563860e-55,8.256655678560800604e-60,1.319295240931690588e-64,1.940999034058263281e-69,2.644572977645805866e-74,3.353680796208829171e-79,3.976071691579799177e-84,4.424528685873136311e-89,4.637580366534114205e-94,4.593071535388459050e-99,4.310667045269846347e-104,3.843634345149362650e-109,3.263791764676777780e-114,2.644991759475957435e-119,2.049789399202916274e-124,1.521845357004897364e-129,1.084278697639266019e-134,7.425046945825298620e-140,4.894133001275932040e-145,3.109263867726572011e-150,1.906305189784730970e-155
8.550202638439766671e-31,2.447112394476787651e-25,2.572768854931822654e-20,1.252225493874920719e-15,2.925403130016669612e-11,3.075117795791131703e-07,1.196946849671160417e-03,9.974345134273316926e-01,1.367705038957169397e-03,5.270427195950638889e-07,1.002737810004812106e-10,1.180346377549707666e-14,9.700245725178962906e-19,5.997160887674710323e-23,2.933550519449100528e-27,1.177108896410624897e-31,3.980709630651082698e-36,1.158553814991865064e-40,2.950587919565045422e-45,6.665053950248056818e-50,1.350361375497210890e-54,2.476940162908283023e-59,4.146267740924984647e-64,6.377439805153343876e-69,9.066934878254337339e-74,1.197721557269558194e-78,1.476801345450050260e-83,1.706576096387012339e-88,1.855003276049220609e-93,1.902815594721344549e-98,1.847402377476405413e-103,1.702157611598775525e-108,1.491999444006894929e-113,1.246908874020631219e-118,9.955998191883241978e-124,7.609136945160793248e-129,5.576226801994292912e-134,3.924624323494227950e-139,2.656786630383837951e-144,1.732286181204663734e-149
1.829716263342706084e-35,6.839869359282107454e-30,9.787970794370578598e-25,6.860325436430529039e-20,2.504279485486390171e-15,4.680244345603466649e-11,4.099689083362203254e-07,1.367705038957169397e-03,9.970928213678571517e-01,1.538404711386294650e-03,6.587282038150087121e-07,1.378646463717780933e-10,1.770398320172659447e-14,1.576199976778496378e-18,1.049451819935391814e-22,5.500171808625285274e-27,2.354128228899053487e-31,8.458718332314573554e-36,2.606664943931994081e-40,7.007446360310820755e-45,1.666219601395261745e-49,3.544611918799263009e-54,6.811429964621167349e-59,1.192026466005579744e-63,1.913193407417713996e-68,2.833363252429573337e-73,3.892524913599409956e-78,4.984119212697774663e-83,5.972918950332134483e-88,6.724282221475771813e-93,7.135452255194289813e-98,7.158582083832617274e-103,6.808537196921054828e-108,6.154416657856823466e-113,5.299295511919471439e-118,4.355695945231743530e-123,3.424071197853060427e-128,2.578975461361850027e-133,1.864175963645099524e-138,1.295169624075468901e-143
3.480475384591936654e-40,1.646681989047361780e-34,3.077809478840600561e-29,2.936247609836749189e-24,1.543485138102469122e-19,4.507394389179400914e-15,7.019765571070833239e-11,5.270427195950638889e-07,1.538404711386294650e-03,9.967512170920249659e-01,1.709045879485394416e-03,8.050203524563282515e-07,1.838037930362362106e-10,2.557066895690418600e-14,2.451726710194355921e-18,1.749000811469650238e-22,9.777664716087873972e-27,4.446517484403959397e-31,1.691685741792347534e-35,5.502788036055660984e-40,1.557165870475633834e-44,3.887743338133910041e-49,8.664395004143698658e-54,1.740659034974483527e-58,3.178669218733511682e-63,5.314319094566601465e-68,8.185115918497292387e-73,1.167736430191579097e-77,1.550588320066378040e-82,1.924575837566476945e-87,2.241392522955495124e-92,2.457730299818778001e-97,2.545237317821169165e-102,2.496429447856511487e-107,2.324971230532381116e-112,2.060811009478766365e-117,1.742257072861868266e-122,1.407657094684061909e-127,1.088888322566785291e-132,8.078006620035325417e-138
5.958485602875869290e-45,3.480356215899957092e-39,8.233096716752356447e-34,1.025892583776356174e-28,7.340259969871457465e-24,3.086794115351331329e-19,7.511809539767163132e-15,1.002737810004812106e-10,6.587282038150087121e-07,1.709045879485394416e-03,9.964097005831322740e-01,1.879628555779322028e-03,9.659141579800572910e-07,2.389244764257790318e-10,3.579648498085511391e-14,3.677380195888265884e-18,2.798264416485779660e-22,1.662131859738937033e-26,8.003426976602904987e-31,3.214092856128400038e-35,1.100523350228448523e-39,3.269955023745866239e-44,8.552810073014983590e-49,1.992762113155668969e-53,4.177486325018591200e-58,7.946502990495882611e-63,1.381695135473449503e-67,2.209939259872090837e-72,3.269603082684631032e-77,4.496629145770890708e-82,5.773633374911143189e-87,6.948208681778890415e-92,7.864619879266014183e-97,8.399163320931458573e-102,8.487743874824200505e-107,8.137292145278848218e-112,7.418825552731642667e-117,6.446272341182176847e-122,5.349033804574987538e-127,4.246615990189337857e-132
9.273432964424981945e-50,6.554130149225829410e-44,1.914130378106516011e-38,3.018687283182425247e-33,2.821083860046970329e-28,1.614778204955516975e-23,5.658799600359503873e-19,1.180346377549707666e-14,1.378646463717780933e-10,8.050203524563282515e-07,1.879628555779322028e-03,9.960682718244787681e-01,2.050152752790927648e-03,1.141404613847844505e-06,3.040596662476813296e-10,4.881004578537183705e-14,5.348611400154383632e-18,4.324378926841012019e-22,2.719735724648683253e-26,1.382357521394463428e-30,5.843605102633178504e-35,2.100933725420057924e-39,6.539723444105515759e-44,1.788267732551849809e-48,4.347738276022967646e-53,9.494070382288855472e-58,1.878224148908568493e-62,3.391365207856541496e-67,5.625192930072582769e-72,8.619707335834108731e-77,1.226332408537044150e-81,1.627088330884619013e-86,2.021265612812269727e-91,2.359350840245570321e-96,2.596067989279684244e-101,2.700608790885648712e-106,2.663078722389638130e-111,2.495391495299319733e-116,2.226866850195136535e-121,1.896453230484246767e-126
1.322990173803492296e-54,1.112780204193318910e-48,3.932355684824317843e-43,7.656259358440463145e-38,9.055717323119115132e-33,6.770311487015206067e-28,3.229398440322886912e-23,9.700245725178962906e-19,1.770398320172659447e-14,1.838037930362362106e-10,9.659141579800572910e-07,2.050152752790927648e-03,9.957269307993671381e-01,2.220618483041063036e-03,1.331486714521807194e-06,3.800420465396281445e-10,6.507560422710844281e-14,7.576767071219188684e-18,6.486251102311162243e-22,4.306063923150653400e-26,2.303841550915386797e-30,1.022595878297919144e-34,3.851591937650468760e-39,1.253411228785783928e-43,3.576441265702713248e-48,9.057566550079980914e-53,2.057001627861931160e-57,4.225913899748702963e-62,7.913026106315626723e-67,1.359395765910897784e-71,2.154888000466328630e-76,3.167971152918312271e-81,4.338831471972598874e-86,5.558393926361491403e-91,6.684727865466067195e-96,7.571756945105106782e-101,8.101715411744922673e-106,8.211051261049336103e-111,7.901972860006903561e-116,7.237228762459247334e-121
1.742250484661348050e-59,1.719841927730206741e-53,7.232864947923895708e-48,1.703967756297920898e-42,2.488199094232424250e-37,2.354396930377096789e-32,1.466838039686702392e-27,5.997160887674710323e-23,1.576199976778496378e-18,2.557066895690418600e-14,2.389244764257790318e-10,1.141404613847844505e-06,2.220618483041063036e-03,9.953856774911021832e-01,2.391025759048577212e-03,1.536155455464383368e-06,4.677040157247645331e-10,8.509303928277906434e-14,1.049030955941588589e-17,9.479441749946545629e-22,6.624430189319499459e-26,3.721448612012768685e-30,1.730487617319036852e-34,6.814142855817909670e-39,2.313923935567820636e-43,6.877590516719537940e-48,1.811469006069865408e-52,4.272136630476078258e-57,9.101773619790922961e-62,1.765177963014246264e-66,3.137007478922758877e-71,5.138486476719218860e-76,7.797949336670336969e-81,1.101377723611872912e-85,1.453711171072429003e-90,1.799707633146484954e-95,2.096764317135164994e-100,2.305841267199729378e-105,2.400121837842619175e-110,2.370561795844212145e-115
2.130491893520311104e-64,2.439091025117604147e-58,1.203857641466428355e-52,3.375240667984878211e-47,5.963701510972866739e-42,6.966718919317365888e-37,5.493383839954638694e-32,2.933550519449100528e-27,1.049451819935391814e-22,2.451726710194355921e-18,3.579648498085511391e-14,3.040596662476813296e-10,1.331486714521807194e-06,2.391025759048577212e-03,9.950445118829910340e-01,2.561374593330316678e-03,1.755405833138185847e-06,5.678776866667382601e-10,1.093978438266602008e-13,1.423603621884996902e-17,1.354139723419076226e-21,9.936219993264288824e-26,5.847768192373169564e-30,2.842846600643322621e-34,1.168102414517268960e-38,4.131889128771062997e-43,1.277233169313562581e-47,3.493461927544366741e-52,8.544078225867681210e-57,1.885327046292093739e-61,3.782448022929463520e-66,6.946098715164922500e-71,1.174490029035515388e-75,1.838056590295907275e-80,2.674730860681557073e-85,3.634221365910032590e-90,4.627750734940429653e-95,5.541369495588990667e-100,6.258626292920620913e-105,6.685965642263911514e-110
2.431565398754261311e-69,3.195664893734783475e-63,1.829273529839708385e-57,6.019129671635037717e-52,1.265679136092815800e-46,1.789054764132147260e-41,1.741620095645078878e-36,1.177108896410624897e-31,5.500171808625285274e-27,1.749000811469650238e-22,3.677380195888265884e-18,4.881004578537183705e-14,3.800420465396281445e-10,1.536155455464383368e-06,2.561374593330316678e-03,9.947034339583438189e-01,2.731664998401131268e-03,1.989232845005853397e-06,6.813948867247350709e-10,1.385611124103954009e-13,1.898029839063362968e-17,1.895702879836810629e-21,1.457249892228620119e-25,8.966236765709881112e-30,4.548398818767534372e-34,1.946776758060187565e-38,7.161736803826945485e-43,2.298959152620498291e-47,6.520969444751400572e-52,1.651817417718565599e-56,3.770573401502436197e-61,7.816901804509333685e-66,1.481806205139412732e-70,2.583831500281323610e-75,4.166190279226742482e-80,6.240936917668075704e-85,8.721995532000362991e-90,1.141494854555883315e-94,1.403793578096507759e-99,1.627220549765707746e-104
2.601736440420744420e-74,3.890421382886134564e-68,2.556473559041724528e-62,9.755886890127512770e-57,2.407588455985725685e-51,4.050057672582765703e-46,4.770664204356349232e-41,3.980709630651082698e-36,2.354128228899053487e-31,9.777664716087873972e-27,2.798264416485779660e-22,5.348611400154383632e-18,6.507560422710844281e-14,4.677040157247645331e-10,1.755405833138185847e-06,2.731664998401131268e-03,9.943624437004729977e-01,2.901896986773867641e-03,2.237631489529906096e-06,8.090871578085064688e-10,1.731895290451042341e-13,2.491021996776654986e-17,2.606463957816727722e-21,2.094707061868413524e-25,1.344884347316514425e-29,7.106629814993691113e-34,3.163413760648839259e-38,1.208508602072165550e-42,4.023072553525305119e-47,1.181896805586614231e-51,3.097086961130951197e-56,7.305329629687297255e-61,1.563348872942814922e-65,3.056167162604278077e-70,5.490542992193127454e-75,9.113385214007295916e-80,1.404187911457631833e-84,2.016930075948033215e-89,2.711009920842811843e-94,3.421698030376790595e-99
2.620062831131645311e-79,4.422862867027552659e-73,3.306787410070474712e-67,1.448635282485425116e-61,4.146150524702430840e-56,8.185585152755029266e-51,1.147483598637727975e-45,1.158553814991865064e-40,8.458718332314573554e-36,4.446517484403959397e-31,1.662131859738937033e-26,4.324378926841012019e-22,7.576767071219188684e-18,8.509303928277906434e-14,5.678776866667382601e-10,1.989232845005853397e-06,2.901896986773867641e-03,9.940215410926930284e-01,3.072070570959372325e-03,2.500596766172595410e-06,9.517857564333893228e-10,2.139253549857923376e-13,3.223491554174098660e-17,3.526219918777091371e-21,2.957106927928093259e-25,1.977695855332146559e-29,1.086859109258965133e-33,5.024088993791579267e-38,1.990427961438190996e-42,6.862707716883696248e-47,2.085649235286053551e-51,5.647500249040630211e-56,1.375091444180851026e-60,3.034674924988898791e-65,6.112218056370539595e-70,1.130385539299667511e-74,1.929860300078165312e-79,3.056123860104463989e-84,4.508361767809332403e-89,6.219283114437890389e-94
2.491933960618120245e-84,4.716023386840993084e-78,3.980496408375762565e-72,1.984029987694526943e-66,6.518709970102924655e-61,1.492577684459280783e-55,2.455610868190258593e-50,2.950587919565045422e-45,2.606664943931994081e-40,1.691685741792347534e-35,8.003426976602904987e-31,2.719735724648683253e-26,6.486251102311162243e-22,1.049030955941588589e-17,1.093978438266602008e-13,6.813948867247350709e-10,2.237631489529906096e-06,3.072070570959372325e-03,9.936807261183218110e-01,3.242185763466489106e-03,2.778123675395765703e-06,1.110321653775315653e-09,2.614464165180658336e-13,4.118670813094845329e-17,4.701396575930261838e-21,4.106917169255805486e-25,2.856563109672861637e-29,1.630232842632258506e-33,7.815006278626404835e-38,3.206709104129595452e-42,1.143754494116228756e-46,3.591863612521211610e-51,1.003977126491860904e-55,2.520947032087675363e-60,5.732048295872949181e-65,1.188464236883387317e-69,2.260730337599695469e-74,3.966867148169503401e-79,6.451711843981869311e-84,9.767965138132250405e-89
2.245330395683616640e-89,4.734589203003787049e-83,4.480136995341225418e-77,2.520930284064513414e-71,9.423940768586032258e-66,2.477053245478507223e-60,4.726380406147563860e-55,6.665053950248056818e-50,7.007446360310820755e-45,5.502788036055660984e-40,3.214092856128400038e-35,1.382357521394463428e-30,4.306063923150653400e-26,9.479441749946545629e-22,1.423603621884996902e-17,1.385611124103954009e-13,8.090871578085064688e-10,2.500596766172595410e-06,3.242185763466489106e-03,9.933399987606789105e-01,3.412242576802069442e-03,3.070207218660695845e-06,1.285525535725822314e-09,3.164660927471454714e-13,5.202234649096587917e-17,6.185745531628464646e-21,5.619751376010716649e-25,4.059172087917742701e-29,2.402366139453388128e-33,1.192779618630180351e-37,5.063080430889897659e-42,1.866076602896085228e-46,6.049306553850746670e-51,1.743709942323596959e-55,4.511071835058972110e-60,1.055882366516773876e-64,2.251784140846529990e-69,4.402395531615155700e-74,7.933598472404398155e-79,1.324277154810641085e-83
1.921974350918874944e-94,4.490583912722233895e-88,4.734503882332273328e-82,2.986701183174620334e-76,1.260439755242638985e-70,3.769495639924738593e-65,8.256655678560800604e-60,1.350361375497210890e-54,1.666219601395261745e-49,1.557165870475633834e-44,1.100523350228448523e-39,5.843605102633178504e-35,2.303841550915386797e-30,6.624430189319499459e-26,1.354139723419076226e-21,1.898029839063362968e-17,1.731895290451042341e-13,9.517857564333893228e-10,2.778123675395765703e-06,3.412242576802069442e-03,9.929993590030865569e-01,3.582241023470957280e-03,3.376842398427956903e-06,1.478227802947039065e-09,3.797333033891841675e-13,6.502422200679893437e-17,8.041075836182154696e-21,7.586339641993350353e-25,5.682624720003341739e-29,3.483311628793796566e-33,1.789113735866381986e-37,7.847550744953614980e-42,2.985643925571879660e-46,9.981111699735728538e-51,2.964239237175837642e-55,7.894206773098730387e-60,1.900549979999472901e-64,4.165721418577043635e-69,8.364400773667250500e-74,1.547025216894242514e-78
1.566843501259443353e-99,4.036080329770821643e-93,4.715032387130138149e-87,3.314092994211902764e-81,1.567988294516361174e-75,5.293740349590537124e-70,1.319295240931690588e-64,2.476940162908283023e-59,3.544611918799263009e-54,3.887743338133910041e-49,3.269955023745866239e-44,2.100933725420057924e-39,1.022595878297919144e-34,3.721448612012768685e-30,9.936219993264288824e-26,1.895702879836810629e-21,2.491021996776654986e-17,2.139253549857923376e-13,1.110321653775315653e-09,3.070207218660695845e-06,3.582241023470957280e-03,9.926588068288699773e-01,3.752181115976005107e-03,3.698024218157274507e-06,1.689258570926687396e-09,4.520324965648856979e-13,8.050158516715961314e-17,1.033802035622475415e-20,1.011468658599756776e-24,7.847135581778251492e-29,4.975989084683553243e-33,2.640990448043477083e-37,1.195783135721357121e-41,4.691602596225713946e-46,1.615949990986793224e-50,4.940285956496406543e-55,1.353263629431973841e-59,3.348520616079908201e-64,7.537828703148375184e-69,1.553360721698349373e-73
1.219271065089209957e-104,3.447002055052647202e-98,4.439615976026631838e-92,3.457631222650695885e-86,1.822718299512310823e-80,6.899017261041291849e-75,1.940999034058263281e-69,4.146267740924984647e-64,6.811429964621167349e-59,8.664395004143698658e-54,8.552810073014983590e-49,6.539723444105515759e-44,3.851591937650468760e-39,1.730487617319036852e-34,5.847768192373169564e-30,1.457249892228620119e-25,2.606463957816727722e-21,3.223491554174098660e-17,2.614464165180658336e-13,1.285525535725822314e-09,3.376842398427956903e-06,3.752181115976005107e-03,9.923183422213560645e-01,3.922062866818060503e-03,4.033747682307367909e-06,1.919447670033056811e-09,5.341836365954228999e-13,9.879176162085660404e-17,1.315683684069958362e-20,1.333242528810454467e-24,1.070023232345400385e-28,7.011380902824822220e-33,3.841321077573501217e-37,1.793623524007437914e-41,7.250467586925395116e-46,2.570766656209525692e-50,8.083919760316644326e-55,2.275894671921892730e-59,5.783691845104240748e-64,1.336226033679853118e-68
9.075483243391530127e-110,2.804281702637632404e-103,3.963990669374003955e-97,3.403650086018384957e-91,1.988103916710585028e-85,8.384353082811967120e-80,2.644572977645805866e-74,6.377439805153343876e-69,1.192026466005579744e-63,1.740659034974483527e-58,1.992762113155668969e-53,1.788267732551849809e-48,1.253411228785783928e-43,6.814142855817909670e-39,2.842846600643322621e-34,8.966236765709881112e-30,2.094707061868413524e-25,3.526219918777091371e-21,4.118670813094845329e-17,3.164660927471454714e-13,1.478227802947039065e-09,3.698024218157274507e-06,3.922062866818060503e-03,9.919779651638753748e-01,4.091886288495974813e-03,4.384007796335809374e-06,2.169624645569972639e-09,6.270421918006612168e-13,1.202613678153747876e-16,1.658824367254715263e-20,1.738937562392301246e-24,1.442150357346321878e-28,9.754630720741855884e-33,5.511289118759715645e-37,2.651367815585128774e-41,1.103302964049641986e-45,4.023710268715060359e-50,1.300426972147012099e-54,3.760093338572653011e-59,9.806932124754201348e-64
6.473748826128353082e-115,2.178084904530431462e-108,3.365087947414332441e-102,3.171143181101402162e-96,2.042156754780367188e-90,9.542735428636021962e-85,3.353680796208829171e-79,9.066934878254337339e-74,1.913193407417713996e-68,3.178669218733511682e-63,4.177486325018591200e-58,4.347738276022967646e-53,3.576441265702713248e-48,2.313923935567820636e-43,1.168102414517268960e-38,4.548398818767534372e-34,1.344884347316514425e-29,2.957106927928093259e-25,4.701396575930261838e-21,5.202234649096587917e-17,3.797333033891841675e-13,1.689258570926687396e-09,4.033747682307367909e-06,4.091886288495974813e-03,9.916376756397595749e-01,4.261651393506602284e-03,4.748799566698878070e-06,2.440618757831776862e-09,7.314991222996739016e-13,1.453075262177227357e-16,2.073429029417306429e-20,2.246031547686500327e-24,1.922793987294779458e-28,1.341215798729896721e-32,7.807416552001301325e-37,3.866467737670489755e-41,1.654910857110000491e-45,6.203068284894714887e-50,2.058962372438725512e-54,6.110020918678063653e-59
4.433157533351485393e-120,1.618415040820316412e-113,2.722567288851677404e-107,2.804198210328108431e-101,1.981933642159390046e-95,1.021061729240126997e-89,3.976071691579799177e-84,1.197721557269558194e-78,2.833363252429573337e-73,5.314319094566601465e-68,7.946502990495882611e-63,9.494070382288855472e-58,9.057566550079980914e-53,6.877590516719537940e-48,4.131889128771062997e-43,1.946776758060187565e-38,7.106629814993691113e-34,1.977695855332146559e-29,4.106917169255805486e-25,6.185745531628464646e-21,6.502422200679893437e-17,4.520324965648856979e-13,1.919447670033056811e-09,4.384007796335809374e-06,4.261651393506602284e-03,9.912974736323437730e-01,4.431358194344790953e-03,5.128118000851421579e-06,2.733258982158272763e-09,8.484808678135692780e-13,1.743590801176250333e-16,2.570926229477908938e-20,2.874797330563135730e-24,2.537991501018849629e-28,1.823991029807985665e-32,1.093004293687991590e-36,5.567554676121000245e-41,2.449203558493849496e-45,9.428433195176196747e-50,3.211907982427053667e-54
2.919020493877435986e-125,1.152605779814790206e-118,2.103910738028166091e-112,2.359524654572249452e-106,1.822701702305975447e-100,1.030589454232018534e-94,4.424528685873136311e-89,1.476801345450050260e-83,3.892524913599409956e-78,8.185115918497292387e-73,1.381695135473449503e-67,1.878224148908568493e-62,2.057001627861931160e-57,1.811469006069865408e-52,1.277233169313562581e-47,7.161736803826945485e-43,3.163413760648839259e-38,1.086859109258965133e-33,2.856563109672861637e-29,5.619751376010716649e-25,8.041075836182154696e-21,8.050158516715961314e-17,5.341836365954228999e-13,2.169624645569972639e-09,4.748799566698878070e-06,4.431358194344790953e-03,9.909573591249655200e-01,4.601006703503406937e-03,5.521958107246695379e-06,3.048374008989679704e-09,9.789493354706064803e-13,2.078778080131372683e-16,3.164062114764194553e-20,3.648625054116727574e-24,3.318785693775128057e-28,2.455288466863938984e-32,1.513343452307182382e-36,7.922832505043863444e-41,3.579510919381767080e-45,1.414230390414629085e-49
1.850847802580293574e-130,7.881255388004598090e-124,1.555997311558418058e-117,1.893493731039278431e-111,1.592656420011985756e-105,9.842442668788722023e-100,4.637580366534114205e-94,1.706576096387012339e-88,4.984119212697774663e-83,1.167736430191579097e-77,2.209939259872090837e-72,3.391365207856541496e-67,4.225913899748702963e-62,4.272136630476078258e-57,3.493461927544366741e-52,2.298959152620498291e-47,1.208508602072165550e-42,5.024088993791579267e-38,1.630232842632258506e-33,4.059172087917742701e-29,7.586339641993350353e-25,1.033802035622475415e-20,9.879176162085660404e-17,6.270421918006612168e-13,2.440618757831776862e-09,5.128118000851421579e-06,4.601006703503406937e-03,9.906173321009646981e-01,4.770596933473299738e-03,5.930314895336212925e-06,3.386792243921575703e-09,1.123901887613619362e-12,2.463596375787597642e-16,3.866997858542664835e-20,4.594368228443405684e-24,4.301965926796726469e-28,3.273605861799465824e-32,2.073776473502101030e-36,1.115033498784706849e-40,5.170268480407983135e-45
1.131644466238636858e-135,5.182310475328448266e-129,1.103361762129889167e-122,1.452245032589606151e-116,1.325427458741086561e-110,8.918748711630128356e-105,4.593071535388459050e-99,1.855003276049220609e-93,5.972918950332134483e-88,1.550588320066378040e-82,3.269603082684631032e-77,5.625192930072582769e-72,7.913026106315626723e-67,9.101773619790922961e-62,8.544078225867681210e-57,6.520969444751400572e-52,4.023072553525305119e-47,1.990427961438190996e-42,7.815006278626404835e-38,2.402366139453388128e-33,5.682624720003341739e-29,1.011468658599756776e-24,1.315683684069958362e-20,1.202613678153747876e-16,7.314991222996739016e-13,2.733258982158272763e-09,5.521958107246695379e-06,4.770596933473299738e-03,9.902773925436831881e-01,4.940128896743335198e-03,6.353183375569613508e-06,3.749341807759840010e-09,1.284371329609733632e-12,2.903358592161317031e-16,4.695410560162379458e-20,5.742714477343088660e-24,5.530888615458054726e-28,4.325688197979622210e-32,2.814323322299148845e-36,1.553038058349579943e-40
6.680505623186267819e-141,3.281730205273800908e-134,7.514258301080786008e-128,1.066569511109624502e-121,1.052863783279612195e-115,7.687373974791392331e-110,4.310667045269846347e-104,1.902815594721344549e-98,6.724282221475771813e-93,1.924575837566476945e-87,4.496629145770890708e-82,8.619707335834108731e-77,1.359395765910897784e-71,1.765177963014246264e-66,1.885327046292093739e-61,1.651817417718565599e-56,1.181896805586614231e-51,6.862707716883696248e-47,3.206709104129595452e-42,1.192779618630180351e-37,3.483311628793796566e-33,7.847135581778251492e-29,1.333242528810454467e-24,1.658824367254715263e-20,1.453075262177227357e-16,8.484808678135692780e-13,3.048374008989679704e-09,5.930314895336212925e-06,4.940128896743335198e-03,9.899375404364665343e-01,5.109602605800379026e-03,6.790558559394525884e-06,4.136850536575568802e-09,1.461425897662387407e-12,3.403743391873778692e-16,5.666597606620156682e-20,7.128581808498672901e-24,7.056382517999209514e-28,5.667949074829535419e-32,3.784661828848521601e-36
3.812285409047516938e-146,2.004128813308689589e-139,4.922537188358101694e-133,7.514166414039586432e-127,7.999169892466105742e-121,6.317099508665830287e-115,3.843634345149362650e-109,1.847402377476405413e-103,7.135452255194289813e-98,2.241392522955495124e-92,5.773633374911143189e-87,1.226332408537044150e-81,2.154888000466328630e-76,3.137007478922758877e-71,3.782448022929463520e-66,3.770573401502436197e-61,3.097086961130951197e-56,2.085649235286053551e-51,1.143754494116228756e-46,5.063080430889897659e-42,1.789113735866381986e-37,4.975989084683553243e-33,1.070023232345400385e-28,1.738937562392301246e-24,2.073429029417306429e-20,1.743590801176250333e-16,9.789493354706064803e-13,3.386792243921575703e-09,6.353183375569613508e-06,5.109602605800379026e-03,9.895977757626613913e-01,5.279018073129299396e-03,7.242435459256381929e-06,4.550145981760003697e-09,1.656169246625646919e-12,3.970807323311885504e-16,6.799584494356588240e-20,8.791541253393108553e-24,8.937744467849992515e-28,7.368081500037915544e-32
2.105334177719095200e-151,1.181795423768871629e-144,3.106364206873443951e-138,5.086561705129610500e-132,5.823407759279553086e-126,4.959422440781544756e-120,3.263791764676777780e-114,1.702157611598775525e-108,7.158582083832617274e-103,2.457730299818778001e-97,6.948208681778890415e-92,1.627088330884619013e-86,3.167971152918312271e-81,5.138486476719218860e-76,6.946098715164922500e-71,7.816901804509333685e-66,7.305329629687297255e-61,5.647500249040630211e-56,3.591863612521211610e-51,1.866076602896085228e-46,7.847550744953614980e-42,2.640990448043477083e-37,7.011380902824822220e-33,1.442150357346321878e-28,2.246031547686500327e-24,2.570926229477908938e-20,2.078778080131372683e-16,1.123901887613619362e-12,3.749341807759840010e-09,6.790558559394525884e-06,5.279018073129299396e-03,9.892580985056180776e-01,5.448375311212962611e-03,7.708809088598309061e-06,4.990055410079437936e-09,1.869740437820820787e-12,4.610996943617111393e-16,8.115236110092487756e-20,1.077626672293408229e-23,1.124383137362820977e-27
1.126337102066276350e-156,6.736997283319394830e-150,1.890851793399888990e-143,3.313417337084297072e-137,4.069201319722475704e-131,3.726935391061895720e-125,2.644991759475957435e-119,1.491999444006894929e-113,6.808537196921054828e-108,2.545237317821169165e-102,7.864619879266014183e-97,2.021265612812269727e-91,4.338831471972598874e-86,7.797949336670336969e-81,1.174490029035515388e-75,1.481806205139412732e-70,1.563348872942814922e-65,1.375091444180851026e-60,1.003977126491860904e-55,6.049306553850746670e-51,2.985643925571879660e-46,1.195783135721357121e-41,3.841321077573501217e-37,9.754630720741855884e-33,1.922793987294779458e-28,2.874797330563135730e-24,3.164062114764194553e-20,2.463596375787597642e-16,1.284371329609733632e-12,4.136850536575568802e-09,7.242435459256381929e-06,5.448375311212962611e-03,9.889185086486885767e-01,5.617674332532246115e-03,8.189674461860953214e-06,5.457405803730124631e-09,2.103313926855379942e-12,5.331160937503265750e-16,9.636371469515493523e-20,1.313301292446489941e-23
5.843213811640893249e-162,3.716873871707589811e-155,1.111592657785055742e-148,2.079913999896312752e-142,2.733538104490795895e-136,2.685641162093374563e-130,2.049789399202916274e-124,1.246908874020631219e-118,6.154416657856823466e-113,2.496429447856511487e-107,8.399163320931458573e-102,2.359350840245570321e-96,5.558393926361491403e-91,1.101377723611872912e-85,1.838056590295907275e-80,2.583831500281323610e-75,3.056167162604278077e-70,3.034674924988898791e-65,2.520947032087675363e-60,1.743709942323596959e-55,9.981111699735728538e-51,4.691602596225713946e-46,1.793623524007437914e-41,5.511289118759715645e-37,1.341215798729896721e-32,2.537991501018849629e-28,3.648625054116727574e-24,3.866997858542664835e-20,2.903358592161317031e-16,1.461425897662387407e-12,4.550145981760003697e-09,7.708809088598309061e-06,5.617674332532246115e-03,9.885790061752280922e-01,5.786915149566028080e-03,8.685026594482376345e-06,5.953023860393180053e-09,2.358099551444155933e-12,6.138562231903951582e-16,1.138788191262684467e-19
2.942186434487491383e-167,1.986672689140517859e-160,6.318620021884219577e-154,1.259791532474110471e-147,1.767907373207140401e-141,1.858784696241415349e-135,1.521845357004897364e-129,9.955998191883241978e-124,5.299295511919471439e-118,2.324971230532381116e-112,8.487743874824200505e-107,2.596067989279684244e-101,6.684727865466067195e-96,1.453711171072429003e-90,2.674730860681557073e-85,4.166190279226742482e-80,5.490542992193127454e-75,6.112218056370539595e-70,5.732048295872949181e-65,4.511071835058972110e-60,2.964239237175837642e-55,1.615949990986793224e-50,7.250467586925395116e-46,2.651367815585128774e-41,7.807416552001301325e-37,1.823991029807985665e-32,3.318785693775128057e-28,4.594368228443405684e-24,4.695410560162379458e-20,3.403743391873778692e-16,1.656169246625646919e-12,4.990055410079437936e-09,8.189674461860953214e-06,5.786915149566028080e-03,9.882395910685938256e-01,5.956097774791192616e-03,9.194860502897856536e-06,6.477735993289457963e-09,2.635342519232863852e-12,7.040890106450399751e-16
1.439128162818548053e-172,1.029755178198119593e-165,3.476642194413030586e-159,7.371646872958388326e-153,1.102305796317136873e-146,1.237521492700302265e-140,1.084278697639266019e-134,7.609136945160793248e-129,4.355695945231743530e-123,2.060811009478766365e-117,8.137292145278848218e-112,2.700608790885648712e-106,7.571756945105106782e-101,1.799707633146484954e-95,3.634221365910032590e-90,6.240936917668075704e-85,9.113385214007295916e-80,1.130385539299667511e-74,1.188464236883387317e-69,1.055882366516773876e-64,7.894206773098730387e-60,4.940285956496406543e-55,2.570766656209525692e-50,1.103302964049641986e-45,3.866467737670489755e-41,1.093004293687991590e-36,2.455288466863938984e-32,4.301965926796726469e-28,5.742714477343088660e-24,5.666597606620156682e-20,3.970807323311885504e-16,1.869740437820820787e-12,5.457405803730124631e-09,8.685026594482376345e-06,5.956097774791192616e-03,9.879002633121455323e-01,6.125222220682624563e-03,9.719171204539768559e-06,7.032368331234437186e-09,2.936323395623900426e-12
6.843752561957766930e-178,5.180812111245491831e-171,1.853541187961036724e-164,4.171928619813240242e-158,6.634413349050387865e-152,7.936516813274749486e-146,7.425046945825298620e-140,5.576226801994292912e-134,3.424071197853060427e-128,1.742257072861868266e-122,7.418825552731642667e-117,2.663078722389638130e-111,8.101715411744922673e-106,2.096764317135164994e-100,4.627750734940429653e-95,8.721995532000362991e-90,1.404187911457631833e-84,1.929860300078165312e-79,2.260730337599695469e-74,2.251784140846529990e-69,1.900549979999472901e-64,1.353263629431973841e-59,8.083919760316644326e-55,4.023710268715060359e-50,1.654910857110000491e-45,5.567554676121000245e-41,1.513343452307182382e-36,3.273605861799465824e-32,5.530888615458054726e-28,7.128581808498672901e-24,6.799584494356588240e-20,4.610996943617111393e-16,2.103313926855379942e-12,5.953023860393180053e-09,9.194860502897856536e-06,6.125222220682624563e-03,9.875610228892455211e-01,6.294288499713213830e-03,1.025795371783744666e-05,7.617746718693110004e-09
3.166575904544237103e-183,2.532165015316890389e-176,9.584411248092077938e-170,2.286011768253138982e-163,3.858995111241799976e-157,4.909414939725039629e-151,4.894133001275932040e-145,3.924624323494227950e-139,2.578975461361850027e-133,1.407657094684061909e-127,6.446272341182176847e-122,2.495391495299319733e-116,8.211051261049336103e-111,2.305841267199729378e-105,5.541369495588990667e-100,1.141494854555883315e-94,2.016930075948033215e-89,3.056123860104463989e-84,3.966867148169503401e-79,4.402395531615155700e-74,4.165721418577043635e-69,3.348520616079908201e-64,2.275894671921892730e-59,1.300426972147012099e-54,6.203068284894714887e-50,2.449203558493849496e-45,7.922832505043863444e-41,2.073776473502101030e-36,4.325688197979622210e-32,7.056382517999209514e-28,8.791541253393108553e-24,8.115236110092487756e-20,5.331160937503265750e-16,2.358099551444155933e-12,6.477735993289457963e-09,9.719171204539768559e-06,6.294288499713213830e-03,9.872218697832585432e-01,6.463296624353863200e-03,1.081120306221702194e-05
1.426604645443511520e-188,1.203288001555927397e-181,4.811069007554457590e-175,1.214013878223133739e-168,2.171689934658231479e-162,2.932806749652009165e-156,3.109263867726572011e-150,2.656786630383837951e-144,1.864175963645099524e-138,1.088888322566785291e-132,5.349033804574987538e-127,2.226866850195136535e-121,7.901972860006903561e-116,2.400121837842619175e-110,6.258626292920620913e-105,1.403793578096507759e-99,2.711009920842811843e-94,4.508361767809332403e-89,6.451711843981869311e-84,7.933598472404398155e-79,8.364400773667250500e-74,7.537828703148375184e-69,5.783691845104240748e-64,3.760093338572653011e-59,2.058962372438725512e-54,9.428433195176196747e-50,3.579510919381767080e-45,1.115033498784706849e-40,2.814323322299148845e-36,5.667949074829535419e-32,8.937744467849992515e-28,1.077626672293408229e-23,9.636371469515493523e-20,6.138562231903951582e-16,2.635342519232863852e-12,7.032368331234437186e-09,1.025795371783744666e-05,6.463296624353863200e-03,9.868828039775521255e-01,6.632246607073468379e-03
