9.909685186844896521e-01,1.312083708595180501e-32,8.910394160600833280e-03,2.725642913750939032e-32,1.192960551465007736e-04,4.642830876573091730e-32,1.763436257879023947e-06,2.976009422265069552e-32,2.722595567640475824e-08,3.239859498649792780e-32,4.305237822883898536e-10,2.046247304552673036e-32,6.911777070644541258e-12,1.662591247730523414e-32,1.121610817492567301e-13,9.036420863451306532e-33,1.835445806721032043e-15,3.853787769347659910e-33,3.025217361845419157e-17,1.526730230201353522e-33,5.019149022800221495e-19,8.835403220693376336e-34,8.380455384185524581e-21,2.770021188422896567e-34,1.408211370217706505e-22,2.070430050025603327e-33,2.381764636078356792e-24,3.977283664053996697e-33,4.057239142255960868e-26,4.883495334058568107e-33
2.662485743424530491e-32,9.732504082098992759e-01,3.842385476538438330e-31,2.615588923134832405e-02,9.696575071169893607e-32,5.814721761321602674e-04,1.255469741313517118e-31,1.198863728301368097e-05,1.241517605422114078e-31,2.370921559107369415e-07,2.078930466708490346e-32,4.565244031043685426e-09,1.028974063022055226e-32,8.629698460358154941e-11,2.602330940772316013e-32,1.609876954125007602e-12,3.361203569268627190e-32,2.974795376000000814e-14,2.064007245992778576e-32,5.460055219991729081e-16,6.412015296769331930e-33,9.976340955108307720e-18,8.634786173400080877e-34,1.817894223136038035e-19,1.028682255531202864e-33,3.308670834409384933e-21,4.184791197990375142e-33,6.022873034933505081e-23,7.267359310205338892e-33,1.097914265736197150e-24
8.910394160600835015e-03,3.839530693251311801e-31,9.386228107181587843e-01,2.956615985110116563e-31,5.072875894705101973e-02,3.340638740439444128e-31,1.690496456148430325e-03,1.716358788401773831e-32,4.636974227702367628e-05,5.707405103926659369e-32,1.143055079293398776e-06,1.492661757038424849e-31,2.632937288774130753e-08,1.712580979464087591e-31,5.787541698041764234e-10,6.653585990606052930e-32,1.229757023912213896e-11,9.331622098697953779e-33,2.547719454636365063e-13,5.050597219779876060e-34,5.177918993509370521e-15,1.402029302265908769e-34,1.037115849583556493e-16,2.296367881739053430e-35,2.054578879706827127e-18,7.825126482668392958e-35,4.037282874477011740e-20,3.513218852924151312e-34,7.887666757528521405e-22,2.052867633871840890e-33
1.406196111318571560e-31,2.615588923134836916e-02,3.545986562617139880e-31,8.886504862216597633e-01,9.550446524658424159e-32,8.125548007294797204e-02,2.401845680727058628e-31,3.800079600689750155e-03,1.106615983337179842e-31,1.339253602904996808e-04,1.719676786146117039e-31,4.027322030538192921e-06,9.490641373936669681e-32,1.093573287742630131e-07,9.961308676032176001e-33,2.765736584115508171e-09,2.765645150941068668e-32,6.640009012151577725e-11,6.820738720332023585e-33,1.532598449168490893e-12,3.917325005121738857e-33,3.431542565917369576e-14,6.618280676399335166e-33,7.503166590528833836e-16,8.501349586300944809e-34,1.610347687200215155e-17,1.204935576237114780e-33,3.406251136550061403e-19,4.041209010159314755e-33,7.124300984426846257e-21
1.192960551465005838e-04,1.186317827479039607e-32,5.072875894705099198e-02,2.262198987009137530e-31,8.254590962774669416e-01,3.993163459686770476e-33,1.160811231057864573e-01,2.350641248657178173e-32,7.278843365260202411e-03,2.484668644264502685e-31,3.209359118581796787e-04,5.877494091989014210e-32,1.156967623825784016e-05,2.648335434093544212e-32,3.658215965140241099e-07,1.463762221704138679e-32,1.054803229997230261e-08,4.564854864256366895e-32,2.841156853303431667e-10,6.558143846487265935e-32,7.265107589289142945e-12,1.755982492167160172e-32,1.783907739300997139e-13,3.503728889694502450e-34,4.241894918086539668e-15,3.101696011329771599e-33,9.831543917465601171e-17,3.163715819010745455e-33,2.232434401284522705e-18,6.857423251923189351e-33
1.190952744829463712e-31,5.814721761321623274e-04,3.215512825725692309e-31,8.125548007294793040e-02,2.709183263436949645e-32,7.516193809027157391e-01,1.168140349192554801e-31,1.533659815872438492e-01,8.845087114736513690e-31,1.247403789096005605e-02,1.576405463348569203e-31,6.738590457453589580e-04,5.643254528091017806e-32,2.870718723350047783e-05,4.481271812068387085e-33,1.045970500201227237e-06,9.316799024656809477e-32,3.411239688413229733e-08,3.629519426534043239e-32,1.024453177215909423e-09,2.436616365684908250e-33,2.887624926435444911e-11,6.204629271160533136e-33,7.743563782707836901e-13,4.714011310082033046e-33,1.995506100793597886e-14,1.179720700911412101e-32,4.979895317564295889e-16,1.267282942218946537e-32,1.210806291490751614e-17
1.763436257878858776e-06,9.976311376224675589e-32,1.690496456148438348e-03,1.021058015063863170e-31,1.160811231057863879e-01,3.114064645145813218e-31,6.700144412070879740e-01,6.453678960108534944e-31,1.911884974693387473e-01,2.985594510060690944e-31,1.967653953451646218e-02,3.694325424316830906e-31,1.280681265034570339e-03,5.046935443183418845e-32,6.370614497712393681e-05,1.957854501116898518e-31,2.650934345159390710e-06,4.336702261922097160e-32,9.710986076654797826e-08,9.557067675772504398e-33,3.233627877967805207e-09,1.200809711836662392e-32,1.000169783561798046e-10,4.596377456837684326e-32,2.918151479362565983e-12,2.703173395834822205e-32,8.123870549095547532e-14,4.621980843255229998e-33,2.176972885056278742e-15,3.663035463167903982e-33
4.297412953704002942e-32,1.198863728301311854e-05,1.228590299240073697e-31,3.800079600689746252e-03,5.892348719834419873e-32,1.533659815872437104e-01,4.174636594959198782e-31,5.836977421696284418e-01,5.379760522382241590e-31,2.276484847333039852e-01,3.656650932731495980e-31,2.908966696170639174e-02,7.139747857355469769e-31,2.250302799659281965e-03,3.491000261666323557e-31,1.293928281362148060e-04,1.480381769808943260e-32,6.101664937670000236e-06,2.338870470315239295e-32,2.495301091641586480e-07,1.159961202368300223e-31,9.167324585528544209e-09,6.592720244327745513e-32,3.098725983421360658e-10,2.920821864094057885e-32,9.802996208948958833e-12,5.855239148618501807e-32,2.939589628969857545e-13,2.081694861736466393e-32,8.437338066499964093e-15
2.722595567640899010e-08,1.311108794124007973e-31,4.636974227702464528e-05,4.027095775943400230e-32,7.278843365260429660e-03,4.370603460085807622e-31,1.911884974693445205e-01,5.218551864698577138e-31,4.957495427068964178e-01,1.111923394992475624e-30,2.609649492102486534e-01,9.517601335093810958e-31,4.080399708914527607e-02,1.055778083836386556e-31,3.709728178560393712e-03,1.838681957451024856e-31,2.444557147374912818e-04,1.268661129783445169e-31,1.297543780751602510e-05,3.243984457193113904e-31,5.891786562754122143e-07,1.055269093683804487e-31,2.377522681678821516e-08,1.106330952048042694e-31,8.749999368992511450e-10,5.990969989350324722e-32,2.991981433641862775e-11,1.161154214257367186e-32,9.638028663165915850e-13,4.602486310567790934e-33
4.003666369167365028e-32,2.370921559109129126e-07,1.389061058260263941e-31,1.339253602905115799e-04,5.247088823052007814e-31,1.247403789096127903e-02,1.402905119924849268e-31,2.276484847333262729e-01,1.238151767280381789e-30,4.091391221715540150e-01,2.653479595971366517e-30,2.895634092899533329e-01,1.257586311391657004e-31,5.477987715717576311e-02,2.151722679313102710e-31,5.799031013157246624e-03,8.085543860521820285e-31,4.347024595208233834e-04,3.001425218078378462e-31,2.581790832597260070e-05,1.128387328485208984e-31,1.295367699866305861e-06,1.930819258289626913e-31,5.718511536866961374e-08,3.693357523572986061e-32,2.283697813918927640e-09,8.678226039863732413e-34,8.416081387779661580e-11,1.025988982997985552e-32,2.905078195948896832e-12
4.305237822927906613e-10,2.318983705078459878e-32,1.143055079303012388e-06,3.953452624662204323e-32,3.209359118608825405e-04,1.415248302090052470e-31,1.967653953468241276e-02,3.897537828135140213e-31,2.609649492124415660e-01,3.026465554110421177e-30,3.265994509678563085e-01,1.371960719888909285e-30,3.121484841886180139e-01,9.082912424198378762e-32,7.083875431428297842e-02,4.300014135000478973e-31,8.664261476938751871e-03,1.133109244939629338e-32,7.341339676412673380e-04,2.196677120551277501e-31,4.853322344151746978e-05,4.205767898836936800e-32,2.679014161990570421e-06,9.261879257504146830e-33,1.289128305816832566e-07,2.787444142856134070e-32,5.569035201352177830e-09,2.077000493587889204e-32,2.206053571264578757e-10,4.704554460419914124e-33
3.177122255915051140e-32,4.565244031157788374e-09,1.358460653453202451e-31,4.027322030627681105e-06,2.174230827395295510e-31,6.738590457603299468e-04,2.668541135594585195e-31,2.908966696235282604e-02,1.049360668132785789e-30,2.895634092963593753e-01,1.457462670354517257e-30,2.505199141208093172e-01,1.285741583419609078e-30,3.277585667503806199e-01,3.317500001568952857e-31,8.866382232409240893e-02,3.194616276758620744e-31,1.244865259613014800e-02,2.580896889360757718e-32,1.185688005686796583e-03,9.130446127410017490e-32,8.684733854693494238e-05,4.732614882265899456e-32,5.253680754465833022e-06,2.217114309635165742e-32,2.746497376067566330e-07,1.262363044508821706e-32,1.279849764681585972e-08,4.428137089616208562e-32,5.436167745308819238e-10
6.911777080320663380e-12,1.030440497082075066e-32,2.632937292261491129e-08,7.799604414772855529e-32,1.156967625357218229e-05,1.557594775421332370e-31,1.280681266729753395e-03,4.173158056524739740e-31,4.080399714315453841e-02,1.299192243112789545e-31,3.121484845991627788e-01,1.424910903908940823e-30,1.828614202020593660e-01,7.680202135044622068e-31,3.358005636944891292e-01,1.018303381253473532e-31,1.078098594539630833e-01,7.647533589648180420e-31,1.728264218655909193e-02,3.200066213449993715e-31,1.841507823105289262e-03,1.438737491309126550e-31,1.488308997946612481e-04,6.617461638482771424e-33,9.832075570331854337e-06,1.447272667976297074e-31,5.567310264736898341e-07,6.572605816579244759e-32,2.791184715845978339e-08,7.346032641415731211e-32
3.177872879851188145e-32,8.629698485666552283e-11,8.470827716710537758e-32,1.093573290967722107e-07,2.213904916598288287e-32,2.870718731816358931e-05,1.151489364608491485e-31,2.250302806295942804e-03,3.606555285920613397e-32,5.477987731872871469e-02,1.060165648958295633e-31,3.277585677097316630e-01,3.176384161771850120e-31,1.250967990999647395e-01,6.483785341253515701e-31,3.360638897749371190e-01,7.061132446594810313e-31,1.277215415821603972e-01,1.185413557693270401e-31,2.327334898980381109e-02,5.285346062191187518e-32,2.762607850619473553e-03,1.520471929252827270e-31,2.454584613343883275e-04,1.769863723397110837e-31,1.765203041850297552e-05,2.927463374472616500e-32,1.079649156165266946e-06,1.463532344148286162e-31,5.809590467122376353e-08
1.121610954625903165e-13,1.010674880671080721e-32,5.787542405498893632e-10,4.154361971949713458e-32,3.658216412342250973e-07,3.614091331317705689e-32,6.370615276494845348e-05,4.836337788870007891e-31,3.709728632059928945e-03,1.142559513392828504e-31,7.083876297344393613e-02,3.831272451721905013e-31,3.358006043002994545e-01,8.158232842528555242e-31,7.817791665322501582e-02,7.189820375941639822e-31,3.287141219977343098e-01,1.277495906293990799e-31,1.477590160371835271e-01,2.081328964967834225e-31,3.049421977401903586e-02,9.706865004289861937e-32,4.017838668752254233e-03,1.660856701402675248e-32,3.911712627164279843e-04,2.515152375422660398e-32,3.053492424111151678e-05,7.715977548494069947e-32,2.012223052411797517e-06,9.275467594381746632e-33
1.707701666747948593e-32,1.609877333521936246e-12,3.837052900291499296e-32,2.765737236063429385e-09,3.918943042644156211e-32,1.045970746762704036e-06,2.965745180910028762e-31,1.293928586373500065e-04,2.727583413957398372e-31,5.799032380133777725e-03,8.438183501385196830e-31,8.866384322240943028e-02,1.540962326513225048e-31,3.360639680024980480e-01,1.399193359936878862e-30,4.252940062401151106e-02,3.854062913680593609e-31,3.142675558713782791e-01,3.837980548155335769e-31,1.672290020414134715e-01,1.384994071200969842e-31,3.897556641941744143e-02,4.942862750931664110e-31,5.682091914249946807e-03,2.022428508585326001e-32,6.044018626061202840e-04,1.450106371172106494e-31,5.107783204906709564e-05,3.098124682438574307e-33,3.618233101926789193e-06
1.835458163572645319e-15,9.652153442955682614e-33,1.229765308334670512e-11,1.496635577749672079e-32,1.054810335872710643e-08,3.994266782803375311e-33,2.650952203670355482e-06,7.335446154792667852e-32,2.444573615587270301e-04,8.262946328559865272e-31,8.664319845269352963e-03,1.856799182710282994e-31,1.078105855923634365e-01,8.394427791410802824e-31,3.287162962570846503e-01,6.617475985978707710e-31,1.806781615246033645e-02,6.687028475857579052e-31,2.935513217398503238e-01,4.149796934832386017e-31,1.854208153657041225e-01,3.469831137779958868e-31,4.869703794578592732e-02,6.715430134861231915e-31,7.833790939702284933e-03,4.459672398913302257e-31,9.080183224815607888e-04,4.179195335389623288e-32,8.287896513277033560e-05,6.762488736453971924e-32
8.270728132200091354e-33,2.974829383180862353e-14,1.564580227314439770e-32,6.640084921255092501e-11,4.928875635369590673e-32,3.411278686038787791e-08,1.424984375605131089e-31,6.101734692502421422e-06,2.612475667084574178e-31,4.347074290819284053e-04,1.602439492945139476e-32,1.244879491007081646e-02,5.912244760694400122e-31,1.277230013306648593e-01,2.284143773769817214e-31,3.142710745273199491e-01,1.289034884939939413e-30,4.242768952670079169e-03,1.100067500067211514e-30,2.676415671854441847e-01,5.092148412707353506e-31,2.016389732778462174e-01,4.459638710577069888e-31,5.958110043073155254e-02,2.640183141790541623e-32,1.055147673204723247e-02,4.481165042286551835e-31,1.329609013515990670e-03,2.289479320830836067e-33,1.307902966970510826e-04
3.025883252930134919e-17,6.115156657956958427e-33,2.548280257424352990e-13,2.386931305698485485e-33,2.841782247349604726e-10,6.805007444029608828e-33,9.713123654177266955e-08,4.228994650781304961e-32,1.297829395456282268e-05,4.113946523698502713e-31,7.342955648462587848e-04,1.153178040553113620e-31,1.728644641045336272e-02,1.281070416017111078e-31,1.477915226128535264e-01,4.500325661602403300e-31,2.936139601288578760e-01,1.822842996027958527e-30,9.857796440059082756e-05,9.892191808554924570e-32,2.378545935373880815e-01,4.910952749736127708e-31,2.152869586188390916e-01,1.185328883010586907e-31,7.150568948001181924e-02,5.200911902454239861e-32,1.391288814270081990e-02,1.719927232594311887e-31,1.901991830024307327e-03,9.927352663181866469e-31
2.990096268337218714e-33,5.461872337374766474e-16,3.943449693560764714e-33,1.533108504702042215e-12,4.314886148203515684e-32,1.024794119747866131e-09,2.644039258866254758e-32,2.496131538833994853e-07,5.773689925997365212e-31,2.582650063954860573e-05,1.910844620055733060e-31,1.186082607849812997e-03,6.938733677691932395e-32,2.328109439416872761e-02,1.287496451608442001e-31,1.672846171564911777e-01,4.287596636566577148e-31,2.677275787896055692e-01,5.145253777904745426e-31,4.350434180188534478e-03,4.945026365206463293e-32,2.054936197523080932e-01,6.152897642115851544e-31,2.257492498470742570e-01,1.496078228138896671e-31,8.425731895542239169e-02,1.974869430436352677e-31,1.798196520283587563e-02,1.272339679199813067e-31,2.661961973934389748e-03
5.040023899124224721e-19,2.514462299467043010e-33,5.199453729700697327e-15,7.083734589402618338e-33,7.295322851962765184e-12,4.242011696934017666e-34,3.247076393849443144e-09,4.714694657442992231e-32,5.916290243476933840e-07,2.380039111319934699e-31,4.873507097901884583e-05,2.481362586762403441e-31,1.849166570556817031e-03,2.113723677468664694e-32,3.062104014717789355e-02,5.226922697668029246e-32,1.861907180588519839e-01,7.364204954881949633e-31,2.387912576967299305e-01,8.230863454247087418e-32,1.552736759160913173e-02,4.976378947300967056e-31,1.726517665664531187e-01,7.225674812148969983e-31,2.334683014985852734e-01,3.579129896588818171e-33,9.795221138922741155e-02,1.704843373569467629e-30,2.289884052642816512e-02,1.658471801928517005e-29
1.388147675137560851e-33,1.003278173845601629e-17,1.633225960392560110e-33,3.450956317493365999e-14,9.808279751961242317e-33,2.903961495258961141e-11,2.973311923479801075e-32,9.219188187042591381e-09,2.082928333017479868e-31,1.302696166700661313e-06,4.092440317954913489e-33,8.733867227228599953e-05,1.426419898395991829e-31,2.778237134411025520e-03,6.196124814957947678e-32,3.919605916239617821e-02,5.218619967296299309e-31,2.027774157788362064e-01,7.507437570830706774e-31,2.065874346531475780e-01,1.248012221752609210e-30,3.193545043269463424e-02,9.971638254034125945e-31,1.395241219370162711e-01,4.426052541103011449e-31,2.367517694351549684e-01,2.803381277974053582e-31,1.117692529778056137e-01,5.139052001046994484e-30,2.859160787183624014e-02
8.751361550023264000e-21,2.338900265865114167e-33,1.083017213793511525e-16,3.965125781012270811e-33,1.862861105677146561e-13,6.210944289490652421e-34,1.044435957870974863e-10,4.385125444991379639e-32,2.482748649443827824e-08,3.070816994313771169e-31,2.797583738619148680e-06,9.226634010985835851e-32,1.554179557649619991e-04,1.170288903841033622e-31,4.195662311006116002e-03,2.696604485200718435e-31,5.085196101250526179e-02,7.328144210812940263e-31,2.247657955629983606e-01,6.618722567133799158e-31,1.795463769126104114e-01,2.030989976283152089e-30,5.375768934263954607e-02,8.601096156026191480e-31,1.118854117559643369e-01,2.144380654677507293e-30,2.446508056257297725e-01,3.326644257524924283e-29,1.301880570049261943e-01,8.615777181198128913e-28
4.104437475382629121e-34,1.917580698463642689e-19,2.226845591618591047e-33,7.914612108072237386e-16,2.889543186685807474e-35,8.168191761683974372e-13,5.763196370678755458e-32,3.268648487490035692e-10,8.312187385326487005e-32,6.032093249137768894e-08,8.026556724411633455e-32,5.541772890923585826e-06,5.239241311917027268e-32,2.589184814347187140e-04,7.473142358954045691e-32,5.993675098233544954e-03,4.468356832201785296e-31,6.284758590284612867e-02,5.505803992066962968e-32,2.380492676731948143e-01,7.526945510899332701e-31,1.463471507511475700e-01,1.668392629439061470e-30,7.690776490029101187e-02,4.665384973181461539e-31,8.260475509326019317e-02,2.076038822757431427e-29,2.416630077443474856e-01,4.524272935115098394e-28,1.453222719337387836e-01
1.789234844873517575e-22,5.133682201294624741e-33,2.610481228064507654e-18,4.111175666904111873e-34,5.389613968610950549e-15,7.472487479369060800e-33,3.707708527979261943e-12,3.030965688364102057e-32,1.111746511734852078e-09,6.048051878062570780e-32,1.637924572010237935e-07,1.409113776551626195e-31,1.249231599109704955e-05,3.462921800484647771e-31,4.970094457300100552e-04,1.095505492760516720e-31,9.953293380842437657e-03,1.164217791129820853e-31,9.083281344683982739e-02,8.160151285979944288e-32,2.954086524406643877e-01,4.714578488822070543e-31,1.361329114335704249e-01,1.469074684779034984e-30,1.199747695188966012e-01,3.120913979580348789e-29,6.760193796434500746e-02,1.328790185618084617e-27,2.795859551452032910e-01,3.794544081099715397e-26
2.506153266797907508e-33,4.332258407853008400e-21,6.525968243883696768e-34,2.108530666053742866e-17,1.557376580740627008e-33,2.612843074373655950e-14,4.393077909138091851e-32,1.283568651200232991e-11,3.076447937477179849e-32,2.990190815344681614e-09,6.508427657961906953e-32,3.596163720982374602e-07,2.775732748036852957e-31,2.311292621650888347e-05,4.066393374067864808e-32,7.913816185775219593e-04,3.552683497850560795e-31,1.381556173106393039e-02,1.704380979399968199e-31,1.102867634535002611e-01,1.630106628362620274e-32,3.082502439761440338e-01,2.908238204679289825e-30,1.025369204701755133e-01,3.468903743493872209e-29,1.500250414851526937e-01,1.062956135520025364e-27,4.264060575917170276e-02,2.545489089038259455e-26,2.716300059605732398e-01
4.339066343012525249e-24,1.213491850024650507e-32,7.355222687638214664e-20,6.962748722755289072e-33,1.791134784058086525e-16,2.933962184006144463e-32,1.480026668142770066e-13,7.530292889655641287e-32,5.450865181929620257e-11,4.847972805312652997e-33,1.014580496204413372e-08,2.496298585112894207e-32,1.014266241685918399e-06,1.815982700911473522e-31,5.562926733458883844e-05,3.779235351023154929e-31,1.654238913391730239e-03,4.680651406148508167e-31,2.534126285473029330e-02,5.731775603068701706e-31,1.777126428449924966e-01,2.928050300010495364e-31,4.268203435980105764e-01,3.530091772966587801e-29,9.693217077502834511e-02,1.510899423361201250e-27,2.407393618521341816e-01,5.383198666610778062e-26,3.074332542767425555e-02,1.537446183243772943e-24
4.882880525870723732e-33,1.105761949544244350e-22,1.611385592117809106e-33,6.253681695137996528e-19,1.524728560966441203e-33,9.142801223663680630e-16,5.637002454125725648e-33,5.396917395906681899e-13,8.179982230478835932e-33,1.545144111282595092e-10,5.608352520026711530e-32,2.349730517184986907e-08,3.099746401428321349e-31,1.982173714975614236e-06,1.623831937691468158e-31,9.377593819253325375e-05,2.534790618238569039e-31,2.441057728221567198e-03,2.228439316902010180e-31,3.300286981504576417e-02,1.934512990177558780e-30,2.040475296130230265e-01,5.594947028573082647e-29,4.206144570440456532e-01,1.915813742871171694e-27,5.978912024334174374e-02,5.437334694440633534e-26,2.683315456211379235e-01,1.241935527228694768e-24,1.167763817091652633e-02
7.480054210968694524e-26,1.801488796193740630e-32,1.454413351962250934e-21,9.072521250384258203e-33,4.116405340774864590e-18,2.928876320159953867e-32,4.014139361537015307e-15,3.526693162518706464e-32,1.777164542244460674e-12,9.436837675696106575e-33,4.067761491784479157e-10,4.381947060487302438e-32,5.146689924748938644e-08,5.172527856287783438e-31,3.710355247754271461e-06,8.933366109307473246e-33,1.528202198285408318e-04,2.142262681195864735e-32,3.506327574290066511e-03,1.524600608963626860e-31,4.204849466633964195e-02,1.164764209132234769e-29,2.298806868413030280e-01,7.829233354558996276e-28,4.057485938764572309e-01,3.581149291644382336e-26,3.111599707661644176e-02,1.248355937905659247e-24,2.875433175144607167e-01,3.530558342861507624e-23
4.538479088038853853e-33,2.018300939076883165e-24,1.033235069150219981e-32,1.309780218171959970e-20,5.868357951585434474e-33,2.226030630835667932e-17,1.257517823867789539e-32,1.551179013695399460e-14,1.042485498842575095e-32,5.340898155231722832e-12,1.904235819920333357e-32,9.994229526515125205e-10,1.065810405927480071e-31,1.068075584382901020e-07,1.131885128443081989e-31,6.652010252825596589e-06,2.355221090911071534e-31,2.404512448898051902e-04,1.277050303397173558e-30,4.892308173003466314e-03,3.136806333142453156e-29,5.226909458157104338e-02,1.485529837566161653e-27,2.532815782489112877e-01,5.477950018750965371e-26,3.813940785012726598e-01,1.551440919211127322e-24,1.169371271140860584e-02,3.520528676881685752e-23,2.962220167163524542e-01
