9.981109433836363731e-01,1.595477380207685309e-32,1.883743344161119748e-03,9.351711440398716019e-33,5.296698337041060602e-06,4.005061677020526391e-32,1.651940646114743856e-08,5.021123486038511762e-32,5.427346327335199805e-11,4.819837791559161975e-32,1.848661199290299489e-13,3.755584341996781343e-32,6.491442783301422449e-16,2.167262319146365605e-32,2.345309216287304549e-18,8.070879201579798518e-33,8.714052225626340416e-21,9.475477624726699367e-33,3.329631617733236209e-23,1.212411050513389090e-32,1.309265764084611358e-25,1.102753436426147274e-32,5.326934820083279314e-28,4.978586249323771562e-33,1.721555033779242722e-30,2.081641729581619468e-33,4.501607303446473667e-32,1.199002300271878101e-34,1.797704011370515965e-32,1.530876045921505243e-34
5.304215346314096029e-32,9.943655487768703338e-01,4.849811072052687796e-32,5.608157450481430703e-03,3.410407176171125365e-32,2.617942506965192294e-05,1.799831660373233541e-32,1.138664294080362614e-07,4.688297745863330151e-32,4.791536776933902141e-10,5.477372723485254489e-32,1.987331226159147090e-12,7.040284055271117470e-32,8.217170346652614001e-15,8.887427105235095700e-32,3.413451296067551602e-17,6.848078707840419594e-32,1.432470050325743854e-19,3.613627906286477037e-32,6.097433642714699445e-22,9.607316360273460973e-33,2.639304371101050423e-24,3.596335937453101836e-33,1.165462220437093448e-26,5.844855048808682523e-33,5.248907782343098500e-29,9.026153996059516766e-33,1.804806454240534113e-31,8.372340811236503592e-33,3.659433294054782399e-32
1.883743344161115628e-03,1.443346644816548545e-31,9.869280561837647792e-01,2.721768529639556504e-32,1.111020866763492466e-02,1.073141017882783162e-31,7.754135861018920061e-05,4.374459449156568138e-32,4.480857267972020437e-07,1.508756344448066959e-32,2.348399844802269412e-09,6.653950047870818848e-32,1.164601171503900277e-11,4.206137830541442710e-32,5.597977695725372986e-14,1.197986029786818314e-32,2.648423217366592935e-16,4.259691138279591111e-32,1.246141364522856056e-18,7.040804468081945812e-32,5.874375703016155831e-21,6.488906095405957617e-32,2.788846420167743464e-23,4.135736374134395284e-32,1.337384587966480118e-25,2.600518128271694137e-32,6.603638944910162654e-28,1.157737673555072744e-32,3.389782759933314620e-30,2.975330645110767267e-33
7.330275166402093162e-33,5.608157450481420295e-03,7.797768702421539594e-32,9.759039220243614920e-01,3.636175414838152620e-32,1.830817438726580274e-02,7.385104443237019370e-34,1.784163762544031025e-04,1.075421680292589633e-31,1.321277658937185851e-06,1.077837057144845232e-31,8.434444160212417919e-09,1.547463276159457553e-32,4.925987651781669766e-11,3.777561709245545379e-32,2.722623256834877405e-13,4.976032237293755157e-32,1.454863003091707595e-15,2.714539969356354544e-32,7.625434899358514824e-18,2.693723539256844924e-32,3.960237019342588179e-20,2.359784678908649326e-32,2.052841707000025716e-22,9.948333746607857773e-33,1.067826532032924898e-24,6.084082158996658352e-33,5.620995269207365518e-27,1.479362244771438950e-32,2.968858060506874175e-29
5.296698337040964887e-06,2.354871357423069787e-32,1.111020866763491599e-02,1.151709613092557712e-32,9.614266772473853973e-01,8.469717346304738223e-34,2.710309605691625309e-02,1.746247601279466985e-31,3.514525777561909071e-04,5.043972071539401035e-32,3.243815353539260849e-06,4.171517488742678904e-32,2.476736308107567026e-08,7.670851699139391924e-32,1.681885423535795820e-10,2.221797799141162251e-32,1.058794935463147913e-12,2.498799169741648440e-33,6.343766380515646027e-15,7.496380599127469731e-33,3.682362504092251729e-17,3.523817960751607666e-33,2.096971359676084564e-19,4.069455212436146587e-32,1.182177714115393310e-21,8.221104170699705511e-32,6.641513235617966186e-24,5.750074950452251474e-32,3.749432039077288335e-26,1.884121074594223556e-32
2.151636691150700326e-32,2.617942506965128258e-05,1.345658332987960362e-31,1.830817438726579580e-02,4.861336706043695453e-32,9.436558592920972766e-01,2.065628313857551350e-31,3.738038753432009614e-02,1.290666568734715291e-33,6.223339940410093155e-04,4.988789292066763703e-32,7.001885269743236329e-06,2.486748674859774520e-32,6.298649215529322425e-08,1.504204847435258690e-32,4.919222464890621718e-10,7.248588519745765640e-32,3.498125325306764743e-12,3.794332915701048213e-32,2.334806705615667963e-14,4.563257092063296890e-32,1.493126694339309586e-16,6.393414355516685974e-32,9.283346785823814247e-19,1.983754302441518724e-32,5.671278694401262842e-21,6.172601712919663210e-34,3.430952082100164607e-23,2.670241122348778197e-32,2.069310817067551410e-25
1.651940646114132073e-08,1.961499235086019256e-32,7.754135861018766917e-05,9.821237736675082337e-33,2.710309605691624268e-02,2.088784282094426464e-31,9.227747387011892011e-01,1.109923885821513690e-32,4.901157242552633964e-02,2.442091229684919255e-32,1.019162256418998120e-03,5.004840155804044294e-33,1.372774075551652451e-05,5.196580645245089041e-32,1.436527333167056788e-07,7.303240120509910131e-32,1.278175302692392426e-09,7.055146953215518352e-32,1.019257234703963469e-11,1.378457534079707787e-31,7.534587006689904077e-14,7.772005592737735038e-32,5.283473859941593664e-16,2.267258907149971951e-32,3.572454716974794455e-18,1.075462708698512016e-32,2.357153649838421802e-20,4.986666228306087483e-33,1.531240544746200353e-22,2.754088623498618112e-33
2.769238500094171088e-32,1.138664294080362349e-07,3.149651263372085300e-32,1.784163762544009341e-04,1.820599833611366637e-31,3.738038753432009614e-02,8.059549274611958868e-32,8.989878747033503981e-01,2.451628719420677188e-33,6.185612364926682677e-02,3.987969443738883252e-32,1.571810064120913964e-03,8.916623604641307171e-32,2.497008277805360025e-05,3.092468303890992367e-32,3.006735598772056882e-07,7.705770589988952044e-32,3.022842865705830445e-09,4.838710317159841427e-32,2.685662382487672435e-11,6.830169749808260323e-33,2.187369313981800419e-13,1.984624574707273583e-32,1.674685585935901431e-15,2.197500858978631273e-32,1.227043588791527911e-17,2.383410328814346560e-32,8.717722518484651401e-20,5.465143931512551515e-33,6.064988169197582441e-22
5.427346327296379831e-11,4.565846005768869236e-32,4.480857267972850529e-07,1.397868933739180896e-31,3.514525777561894435e-04,3.702478008330498776e-34,4.901157242552631882e-02,2.879274219904919722e-32,8.725185345288923866e-01,8.657719164493895304e-32,7.576337844980005065e-02,2.645984972442687186e-31,2.311258161137683120e-03,4.800432673475968074e-33,4.276206317797473484e-05,1.116008572883835960e-31,5.869684945356191773e-07,1.749133342225804344e-32,6.619481540106171332e-09,1.225803975199929514e-33,6.514642549417705940e-11,8.695972081884396453e-33,5.818483850764442783e-13,6.432179449009010621e-33,4.844764889414152613e-15,2.106567092216132634e-33,3.833941382224874289e-17,2.945958767495895146e-33,2.924723224575833702e-19,1.491266576193254813e-32
3.187381720041162627e-32,4.791536776932724443e-10,2.176661609155705600e-32,1.321277658937371775e-06,5.744797049870675370e-32,6.223339940410081228e-04,3.372767290517318703e-32,6.185612364926679901e-02,5.924401469297816917e-32,8.436060111996961375e-01,4.368634792621784356e-31,9.057450241752972031e-02,1.543191555123274057e-31,3.268927230947396654e-03,1.556809215801407801e-31,6.968453826464877379e-05,1.351768360341272170e-33,1.081471577690810490e-06,3.150229254395806022e-32,1.359299309788759989e-08,1.836844863252133788e-32,1.474198178497141087e-10,1.929565649149045665e-32,1.437691685044292684e-12,4.259087072396432532e-32,1.297252050146662764e-14,1.054242806569125436e-32,1.105404433176723111e-16,5.957554263343272539e-33,9.030666727745522891e-19
1.848661199344873012e-13,3.446760501493743651e-32,2.348399844799072359e-09,1.235711365642645519e-31,3.243815353539402727e-06,5.258828057409039802e-32,1.019162256418996385e-03,6.876604564807843238e-32,7.576337844980005065e-02,2.396545909562788759e-31,8.125028740741289113e-01,4.103717872954007249e-31,1.061244767446830606e-01,9.509894903968886642e-32,4.476015655369417444e-03,2.664939815194172949e-32,1.089223785057895756e-04,1.038205353575952908e-31,1.897530343466644531e-06,1.518576817420665503e-33,2.642906203718935000e-08,8.320222517893959012e-32,3.143826366013504833e-10,4.232295103610364413e-33,3.334764083550532619e-12,5.214073178971147721e-32,3.250046717466008838e-14,5.039289658186280052e-32,2.973635175780296557e-16,1.911289950696010187e-32
3.045712905979204942e-32,1.987331226223401009e-12,9.665077766512746207e-32,8.434444160219849310e-09,5.472525208940590902e-32,7.001885269743366773e-06,6.331975444901654152e-33,1.571810064120911796e-03,3.102351078152171905e-31,9.057450241752972031e-02,2.639213158331466682e-31,7.794721855607029681e-01,1.994563187039078014e-31,1.222440839129943085e-01,1.397535585444946988e-31,5.962853478565431804e-03,1.918777490359505611e-31,1.643118571657602384e-04,6.144058775001866537e-32,3.192719451458380652e-06,8.495938497103359973e-32,4.902347454186847034e-08,3.984785923711496403e-32,6.368942971723767393e-10,6.904944766707202276e-32,7.321835616302734788e-12,1.939189030579135568e-33,7.684082521472466976e-14,3.732746967885246054e-32,7.529341200583835336e-16
6.491442799021581258e-16,6.377963218055049609e-32,1.164601171541361381e-11,2.336675139941978305e-32,2.476736308109817619e-08,3.526936224918474389e-32,1.372774075551697344e-05,7.723790616274889294e-32,2.311258161137684855e-03,2.157715647149376731e-31,1.061244767446832132e-01,5.298427655308730405e-32,7.447847161772587210e-01,4.656866219387965406e-31,1.387618682500319778e-01,1.668591713876017870e-32,7.758282187278277980e-03,2.504499716680605904e-31,2.403773903884213570e-04,1.001808139726712303e-32,5.180042800558965295e-06,1.076531153865057149e-31,8.727758527068471667e-08,1.107709210949978422e-32,1.233578491541910869e-09,4.839170252444364550e-32,1.531937055590388075e-11,2.945688653007659292e-33,1.726399437157641711e-13,2.384050309630440459e-32
1.788519779205796118e-32,8.217170341965426539e-15,5.053713420622089855e-32,4.925987651775236498e-11,8.574105228981937814e-32,6.298649215532557032e-08,5.689626234322563729e-32,2.497008277805425077e-05,6.990183653404180094e-33,3.268927230947407930e-03,1.374746034411584997e-31,1.222440839129948498e-01,2.282214966358833088e-31,7.087161885638246783e-01,7.807358900140670425e-32,1.555060492672041550e-01,6.944971180996611069e-32,9.889069082625899509e-03,8.086628673607412301e-32,3.423561766037042488e-04,5.047496769526558792e-32,8.140452101219962621e-06,3.046022225119448126e-32,1.498677656287284662e-07,8.504873164770145687e-33,2.296311184844058369e-09,3.547420898721210856e-32,3.071237145542388180e-11,2.881620586454699495e-32,3.706903089223238806e-13
2.345309175054937865e-18,1.023827331044136866e-31,5.597977696044811797e-14,5.924851122287697221e-32,1.681885423512371358e-10,1.972251380768447174e-32,1.436527333168903055e-07,1.894680660198812655e-32,4.276206317800834510e-05,1.368512912062649030e-31,4.476015655372873013e-03,2.569162414646151190e-31,1.387618682501391143e-01,1.817696135867816236e-32,6.715445791983454260e-01,2.113556093951941924e-32,1.723063673713088884e-01,2.765721063531799540e-32,1.237936409640439349e-02,4.849135686941979149e-32,4.762095774293344979e-04,2.172129613200385059e-32,1.243656389892525959e-05,3.109979123133878797e-32,2.492175437207906127e-07,2.451733134174932677e-32,4.126133471818098369e-09,2.496053913500398820e-32,5.926801475281986388e-11,4.372174369468108055e-32
8.064384803189723376e-33,3.413451348143102936e-17,2.112185272832177970e-33,2.722623257362029855e-13,2.619757821305780783e-32,4.919222464869652690e-10,7.404381447045786765e-32,3.006735598777659476e-07,9.369568925850373646e-32,6.968453826475625888e-05,3.046603295760525843e-32,5.962853478574600685e-03,1.259271620601979077e-32,1.555060492674427697e-01,6.900831616952517091e-33,6.335475044527576483e-01,7.863843328333899426e-32,1.889958433867535148e-01,5.091746929068720080e-32,1.525020591508810010e-02,9.912425395809711508e-32,6.486203887031050021e-04,7.725925464570394811e-32,1.852741225796208940e-05,9.414442770314578453e-33,4.027012317972206781e-07,6.143335838788300340e-32,7.182654044199812290e-09,8.402493558745345669e-33,1.105174826880629381e-10
8.714045627389339832e-21,8.001486550688853693e-32,2.648423221271281853e-16,5.408881011873500549e-32,1.058794935739981999e-12,7.640889309038662562e-32,1.278175302948072919e-09,7.288185274471413695e-32,5.869684946547383736e-07,1.120731993837068321e-33,1.089223785278727274e-04,1.489530511516386353e-31,7.758282188851217676e-03,1.392241172783153669e-32,1.723063674061101613e-01,1.226248542060897041e-32,5.949997154390249676e-01,1.653492334752685878e-31,2.054124353471039610e-01,1.223531139376628242e-31,1.851908324049045262e-02,3.458667979856774579e-32,8.669754625729603767e-04,9.363949141162477058e-32,2.698403198048054792e-05,6.070052118664311862e-33,6.341070537728508161e-07,1.955568636653671454e-32,1.215055521137449235e-08,3.975145563270597782e-33
1.198214163998448424e-32,1.432469981200835402e-19,4.986197371092944687e-32,1.454862995850827499e-15,1.173518967108179947e-32,3.498125326694763310e-12,7.758102141096193491e-32,3.022842866780754133e-09,1.654582706372959714e-32,1.081471578076676773e-06,9.599999421637978895e-32,1.643118572243599021e-04,2.154892023729981399e-31,9.889069086152642643e-03,1.764760804851329427e-32,1.889958434538654142e-01,4.329897291800444525e-32,5.561707228470295084e-01,1.664672373408485271e-31,2.214005778376775257e-01,1.029742471560981557e-31,2.219955592608891665e-02,8.340874508026317240e-33,1.139333452135838287e-03,3.360916119549112108e-32,3.850562844108332305e-05,1.093811875359520147e-32,9.753860790668264710e-07,3.126459977654822202e-32,2.002738528214041950e-08
3.329694320756258138e-23,3.677217551505364466e-32,1.246141429456152280e-18,8.098648942185792045e-33,6.343766581976206969e-15,5.487926195764464687e-32,1.019257268201685074e-11,3.306622249722645947e-32,6.619481757542362813e-09,6.653400963513866666e-32,1.897530405798382245e-06,7.732738091586526769e-32,2.403773982845231253e-04,7.712959360944990060e-32,1.237936450304167289e-02,7.009118487570287298e-32,2.054124420530026307e-01,3.997033064581128002e-32,5.173225891402919441e-01,2.812826254591631623e-31,2.368125996186105087e-01,7.710920235504800596e-32,2.630094055289598429e-02,3.287246540391046669e-32,1.474377805384828946e-03,1.450188220326903791e-31,5.393605773854191386e-05,9.686806778325513000e-33,1.468710663057001979e-06,1.462378274989111819e-31
1.635082896854236160e-32,6.097428962864783948e-22,8.222111320386603283e-32,7.625435410272860493e-18,1.617911082132362265e-32,2.334806826255409523e-14,1.173497726379314796e-31,2.685662521592568419e-11,8.350699714026823971e-33,1.359299380198774251e-08,1.181818195611115084e-32,3.192719616842334827e-06,1.277027682213718802e-32,3.423561943378547684e-04,4.816034839449011454e-32,1.525020670502980590e-02,9.417484181900237038e-32,2.214005892273334664e-01,1.060963901386154458e-31,4.787078104790868927e-01,3.625378437892556788e-31,2.515099681196171777e-01,1.098268503547478016e-31,3.082805863071126640e-02,4.643345328950199787e-33,1.881355140325801896e-03,7.297943056862849169e-32,7.428030184781487762e-05,2.319728831762030192e-31,2.168862219268789345e-06
1.309314200622421022e-25,6.362985491724047609e-33,5.874380329059470822e-21,1.635868407763503566e-32,3.682374398307412267e-17,7.330938106578540621e-32,7.534611315280129847e-14,6.874593804160229517e-33,6.514663565936920731e-11,1.147673765896733102e-32,2.642914729855039270e-08,3.620385415516517756e-32,5.180059511620631996e-06,2.322280065729860793e-32,4.762111137034642718e-04,1.050805901955527170e-31,1.851914298016943752e-02,1.348704372023431916e-31,2.368133558081696732e-01,1.670525023672941007e-31,4.405689040393580558e-01,2.954833281260874513e-31,2.653652797188694179e-01,3.132202451686653204e-32,3.578117121982161974e-02,7.605069359900561203e-33,2.370007621863935710e-03,1.554552696113628162e-31,1.007209441635302613e-04,2.474003730334864501e-31
1.505708620834716057e-32,2.639334014437863313e-24,6.414193074842956740e-32,3.960254182867256291e-20,8.427219660786554714e-33,1.493133580314806790e-16,6.800182256293001913e-32,2.187379398701480447e-13,1.605508743193084273e-32,1.474204974706751931e-10,7.773486924874600118e-32,4.902370054538817604e-08,5.287526888105209507e-32,8.140489629589324651e-06,3.320609050402420983e-33,6.486233789126420127e-04,3.819863643891100187e-32,2.219965826053890007e-02,1.442907901260021076e-31,2.515111145795736469e-01,1.202660602788129383e-31,4.031315516457257275e-01,3.915303775450525996e-31,2.782602834184273455e-01,2.837713148558348168e-32,4.115548570194930283e-02,3.652508666175700701e-31,2.950460688695110290e-03,4.046030809328968297e-31,1.346326652078092001e-04
5.302471801865384721e-28,4.124576695370221152e-33,2.789408940478883400e-23,2.798933909917376713e-32,2.097357664319426163e-19,7.533061048799778331e-32,5.284446637605802148e-16,7.751769494497683449e-33,5.819555145353455607e-13,3.354364165403390177e-32,3.144405204523435031e-10,5.764392834198973114e-32,8.729365474192764927e-08,1.245389387022092687e-32,1.243885370798392737e-05,4.952307993150045054e-32,8.671350891471164444e-04,1.893857438684615204e-32,2.630578219453212976e-02,1.265351267973425645e-31,2.654132823020797227e-01,2.090397020038736779e-31,3.666753689897580548e-01,3.076379792274703877e-31,2.901421579504451231e-01,3.073595729043497010e-31,4.694994719187428611e-02,1.030381562730427035e-30,3.633799819777899700e-03,5.825019226890014911e-30
6.634713192992420879e-33,1.164527433472615904e-26,2.668370678096345065e-32,2.053344207579400046e-22,4.660231633862812124e-32,9.285579797895476064e-19,2.679248381554853703e-32,1.675088308827409420e-15,3.763421529955545875e-33,1.438037419926821258e-12,4.804771794156341059e-34,6.370474569805403811e-10,1.571539419649144204e-32,1.499038057043063050e-07,2.810151335308005216e-32,1.853186771462233539e-05,5.863064331022413287e-32,1.139607437690242720e-03,5.284638523797880420e-32,3.083547053932034557e-02,1.282128849219181971e-31,2.783259161071732768e-01,1.515421075712090129e-31,3.312792512007164403e-01,2.734545770925229572e-32,3.008337605565919448e-01,1.329855739080278506e-30,5.313757112847111025e-02,8.336811961254584547e-30,4.429740620029126719e-03
1.790741745083335662e-30,8.874804883811424130e-33,1.345147620672116696e-25,1.434269841876370012e-32,1.188905053673106548e-21,2.676499734847750723e-32,3.592783842211059485e-18,1.459769406975790642e-32,4.872333692164955547e-15,4.159349797361924552e-32,3.353740336337656141e-12,3.778933219929729008e-32,1.240598087735376774e-09,2.756897232366384042e-33,2.506356995460296666e-07,9.399867630719475116e-33,2.713758281082970532e-05,1.914954265074404460e-32,1.482767605331191058e-03,1.214184338078208981e-33,3.598466550207501252e-02,8.404265838571470248e-32,2.917394777532684724e-01,4.158711101467652452e-32,2.987761037988052037e-01,4.024101623340725078e-31,3.119631947304420949e-01,1.062687037631352908e-29,6.002640114761109702e-02,2.442275188820892525e-28
3.323007293373318465e-33,5.328990612056369555e-29,1.391373721373525068e-32,1.075246446107471824e-24,9.786842297164589302e-32,5.710092654226717246e-21,7.569024350109151301e-33,1.235441862247786365e-17,1.342535300224993112e-33,1.306130810518982397e-14,5.920172095536404368e-32,7.371948333825476468e-12,2.315319491030759088e-32,2.312027789172000278e-09,2.180225157437689297e-33,4.054574331204762866e-07,3.731129133287233179e-33,3.876917185773896471e-05,1.156349945478825754e-31,1.894231569810744722e-03,2.138389273432122163e-32,4.143697447732359873e-02,9.667554399696532148e-32,3.028199301612772842e-01,6.210231750034730855e-31,2.662384166634202964e-01,9.050934041092230879e-30,3.205118189980422638e-01,2.853643994609978255e-28,6.705945118142207784e-02
4.981270002326853104e-32,1.291681281476551158e-32,7.188866739155517297e-28,8.891753892847093807e-34,7.234484089854713007e-24,5.592783265593696148e-33,2.567558774402481016e-20,2.056654598707764972e-32,4.176171266883809944e-17,9.881697328779097028e-33,3.540156281405518722e-14,3.820137708055931028e-33,1.668682656127761681e-11,4.292172573841262396e-32,4.494445340301389303e-09,2.579195008169556532e-32,6.907094770387876282e-07,1.040652714894074101e-32,5.875056080241813981e-05,5.646812136287860337e-32,2.581553752932670524e-03,4.926850753258083411e-31,5.113143534329390311e-02,8.725490248771352675e-31,3.378873019311741666e-01,1.093743551692820487e-29,2.542047457442738190e-01,3.352748098886543956e-28,3.541355174468783784e-01,9.379699685662089250e-27
4.640158489266348673e-34,2.341234429749168002e-31,8.672781237396697750e-33,6.173874624714959054e-27,8.152616583185075544e-32,3.774353586887067804e-23,5.921591432921151161e-33,9.590098461878431544e-20,1.060836858750055295e-32,1.216022002751077388e-16,5.108277557373720854e-32,8.453026932672917539e-14,2.754382377995218307e-33,3.378575158784245844e-11,3.891709484090178939e-32,7.901420625287284366e-09,7.189214971977539965e-33,1.072992745105225824e-06,4.302856970584379217e-33,8.171351078028274309e-05,1.977505723054576794e-31,3.245697665816039967e-03,1.239276436367169690e-30,5.844098212837307155e-02,1.008098265203792019e-29,3.501885750989029433e-01,3.453506873159130713e-28,2.244633277457238341e-01,1.007547381209953666e-26,3.635786229223677002e-01
3.103892524781055791e-32,1.740417609364155597e-32,6.204134536861645820e-30,1.267196509331557989e-32,6.632598255572796804e-26,5.241474494146967003e-32,2.709754999836741919e-22,2.998793806534076690e-33,5.175710341802250651e-19,1.388232513026661092e-32,5.262267345852209491e-16,3.510396817016310088e-32,3.055107596121706771e-13,1.553000626093856343e-32,1.048831216398540753e-10,2.923975083483954053e-32,2.150212328264537769e-08,3.315912206225694001e-32,2.599090836857481129e-06,3.270861188106936679e-31,1.782393589954959405e-04,7.929610555536447892e-31,6.429338164070187711e-03,1.545334003118671423e-29,1.056241462920742835e-01,4.858510014918019967e-28,5.753364371392495347e-01,1.626292006587213374e-26,3.124292183474611795e-01,4.580025001496891224e-25
1.950965641153497833e-34,3.411386154574621777e-32,5.965334741939884208e-33,5.383671021978792064e-29,4.473297713533473061e-32,3.743250733860078323e-25,1.034193186121826189e-32,1.097439920077700995e-21,2.418398237229434294e-32,1.634069591958462024e-18,2.045662105127250323e-32,1.362409491925314710e-15,3.980664300500935372e-32,6.707519068924862212e-13,3.901564290553050808e-32,1.999777455417417548e-10,1.101951320183946734e-32,3.623889414497551599e-08,2.260446943255487075e-31,3.924484560942836792e-06,3.668440937551497103e-31,2.436122511049363347e-04,1.069123487662598028e-29,8.013542688663126759e-03,4.403877949038388024e-28,1.205170160146487313e-01,1.550739816226837998e-26,5.980380151794373322e-01,4.686219240369233395e-25,2.731838529420409500e-01
