9.628405977854903597e-01,4.861176380486064573e-30,3.512876046023038351e-02,2.754525077714157917e-32,1.908586257703332074e-03,9.847731033293401165e-31,1.144135623798282433e-04,3.339544857189983415e-31,7.153275023653816585e-06,4.249839335725916646e-32,4.570410244930465269e-07,3.115781855204351230e-32,2.955842364333769802e-08,6.834978851713377008e-32,1.925035676141215254e-09,9.736756908461715480e-32,1.258642070114968517e-10,3.343323340277744588e-32,8.246025289378850954e-12,1.090100070818089207e-32,5.406707932397614457e-13,2.112253243328696055e-34,3.545016181425094800e-14,4.711074021156999127e-33,2.323128228875469577e-15,5.301426517018745902e-33,1.521084262717510477e-16,1.023748849626401466e-34,9.948836831420863108e-18,1.612438792097816034e-33
4.599259692796873112e-30,8.929961909316730395e-01,1.134167610812282728e-29,9.741347518499721136e-02,5.715029349320349477e-30,8.791172832359401765e-03,5.045343775879860353e-31,7.352952808487591384e-04,1.004517216270744035e-31,5.890428269721802851e-05,2.670806462306349608e-32,4.584092804504183255e-06,1.623847213899939421e-32,3.491644621091220609e-07,3.496635957026573319e-32,2.614749269842660887e-08,1.782995963404762052e-32,1.930818360474099697e-09,2.192313352989514246e-32,1.408884389018326877e-10,2.763013299808421382e-32,1.017451401161039787e-11,1.176406067943563719e-32,7.280989061498903171e-13,2.488718724742523782e-32,5.168205362828235149e-14,2.141803480289715596e-32,3.641884607508612275e-15,2.241377015201621054e-34,2.549548279749791166e-16
3.512876046023019616e-02,1.119005210718276092e-29,7.650208909232945054e-01,1.215832441008343263e-30,1.732247082063558541e-01,1.847706269810404431e-30,2.368332230892417414e-02,3.523103714629547897e-31,2.649672257231800582e-03,3.059003988151949948e-32,2.654718175823180698e-04,3.088760237776071012e-32,2.477158621418959085e-05,2.691486576596297331e-32,2.197809109809949694e-06,3.629021218988228262e-32,1.877086414751544856e-07,2.359648868644101083e-32,1.555641676688187632e-08,7.519951405204660838e-33,1.257950342772668104e-09,5.480652914675535158e-33,9.965179956510682505e-11,1.634104140235228605e-32,7.756888296375203586e-12,3.197224478880190327e-33,5.946967978256380755e-13,1.621814535084173592e-32,4.499168184081823129e-14,2.688392627361575397e-32
2.909290814239118351e-32,9.741347518500038938e-02,2.551448985590495443e-30,5.998139052187954068e-01,1.907675170589712093e-30,2.464396322078715174e-01,1.969102228323779153e-30,4.833792348886367662e-02,1.648775526104258101e-30,7.024558020603203362e-03,5.440377473006545430e-31,8.642027559201630573e-04,6.972892190282238066e-32,9.548308493642804239e-05,2.672463055616788321e-32,9.778129392362704936e-06,5.112285887814980313e-32,9.458657202930119610e-07,5.964814640437204402e-32,8.749823529741290756e-08,3.229532073472602215e-33,7.806596430024067572e-09,1.136956743375329860e-32,6.759146845324609535e-10,2.423173497401360501e-32,5.705580911814907500e-11,3.917553701381202386e-32,4.712419244049228543e-12,1.429883848450271741e-32,3.819127447651420122e-13
1.908586257708531041e-03,4.905543511901134737e-30,1.732247082068282817e-01,3.638763236489696939e-30,4.227513384204002467e-01,2.428534118014245030e-30,3.020157228562923013e-01,1.787262118421124515e-30,8.228519663588526600e-02,6.973218808581161313e-31,1.521566025854307821e-02,5.370500148393433944e-31,2.266620424468239210e-03,2.381156048807175517e-31,2.935532693328065453e-04,3.990917746489388346e-32,3.443597131690562816e-05,5.509152557600989496e-32,3.750550833010584082e-06,9.363040461610328383e-33,3.854339986011390990e-07,3.479830106512712762e-32,3.779499445752271567e-08,7.636250351806675721e-34,3.565054972074526605e-09,3.205481047441928912e-32,3.254532987773115755e-10,8.074200742530882442e-32,2.888996947338926855e-11,5.706739470368799085e-32
9.119732076077349178e-31,8.791172832489731540e-03,1.395454297757737414e-30,2.464396322115171289e-01,4.224610168958414898e-30,2.587625953795147926e-01,7.132053667131499023e-30,3.291473667020280991e-01,2.703651001967587337e-31,1.224895943423408712e-01,1.552535371669777458e-30,2.841797949959320307e-02,6.013369450512085619e-31,5.071871633549808467e-03,4.090318418851402175e-31,7.637730965050071449e-04,7.708882158207158818e-32,1.019868316765464743e-04,1.801717908795954558e-32,1.244348632929689629e-05,3.768078726442301586e-32,1.414783609168477536e-06,1.034304604137911129e-33,1.519517787284789321e-07,2.244079648031786020e-32,1.556973800090287325e-08,4.531755129573552440e-33,1.533352729137221924e-09,2.369056817182260731e-32,1.459768661454017401e-10
1.144135624600740170e-04,3.840658939918729430e-31,2.368332232553474817e-02,1.605295182922787661e-30,3.020157230672903537e-01,1.031496084990204872e-29,1.278375039505534883e-01,2.570123049149219250e-30,3.233223672888232425e-01,4.941716278750719335e-31,1.637185204392441473e-01,6.912559563190629439e-32,4.723788892170628639e-02,6.023191607561470395e-31,1.002201692202253809e-02,1.910138298665730515e-31,1.743629434460061038e-03,1.655847913406248955e-31,2.636439072323767171e-04,3.542180377405239797e-32,3.588076326854851880e-05,2.638568862406819092e-32,4.497214055420502479e-06,4.382733117372061364e-32,5.274408044051845845e-07,1.019366463758842107e-33,5.855538339185110334e-08,5.280280988862314639e-32,6.207160976228896946e-09,3.155999395258704449e-32
2.542628079712286869e-31,7.352952828310805634e-04,1.900081928761491264e-31,4.833792361917888664e-02,1.344497760361336616e-30,3.291473675845143498e-01,4.470750749536409363e-30,4.186012854248451209e-02,7.381587143499730472e-31,2.868888064655032433e-01,5.157938559456013335e-31,1.995430417246881749e-01,1.114158865051042006e-31,7.130673109211702054e-02,3.776728944818040742e-31,1.788660230611218566e-02,3.944504739050600373e-31,3.577413477255063368e-03,1.078694388665185682e-31,6.098949883902106449e-04,1.277730787148432345e-31,9.224862154690281486e-05,3.872057258962849696e-32,1.270640602577532669e-05,4.891168847330125266e-32,1.622947793971160754e-06,5.196640039730120293e-32,1.947636821018280451e-07,4.385229824408545397e-33,2.217787675846091092e-08
7.153275600384076272e-06,6.904248421146729410e-32,2.649672470860738038e-03,1.195719550532714029e-30,8.228520326987712186e-02,7.741070461182147273e-33,3.233223931298149778e-01,2.010780872196648383e-30,3.314995936112118211e-03,3.161619102931904937e-30,2.281056308615138362e-01,8.866656938513058336e-31,2.237228980320815075e-01,2.901927845442264070e-31,9.906179843623706682e-02,4.199266583615987912e-31,2.928396977056348799e-02,2.040609495941478855e-31,6.708269281070438836e-03,5.049171575469776577e-31,1.285053618659312991e-03,1.976846434242843168e-32,2.153551419312440748e-04,1.400976600922978696e-31,3.251101920027751793e-05,1.775936446943322478e-32,4.511700816271008968e-06,1.155199839464282531e-31,5.840556612050327291e-07,1.363105129279355118e-31
2.817749500441210158e-32,5.890429675986527474e-05,5.284005176116547906e-32,7.024559697626759844e-03,5.504996352037026752e-31,1.224896235833557029e-01,1.411920270412375579e-30,2.868888741831134293e-01,5.106139930091465905e-30,5.968757730186988880e-03,1.891534270967046826e-30,1.589928481448285580e-01,8.790162039751475564e-31,2.316294247237722648e-01,3.354562633523573943e-31,1.277884458715232707e-01,4.358857268830806167e-31,4.446942772677022621e-02,9.013067234587383599e-32,1.163849205162522348e-02,4.719718713301354520e-31,2.498429083544410900e-03,2.693614554312791237e-31,4.627309602417497311e-04,1.616470391492155701e-32,7.638629694544601218e-05,4.921639072048470151e-32,1.149359080300483756e-05,2.573394193556288129e-32,1.602058903041725668e-06
4.570431808386904300e-07,1.950952667117859731e-32,2.654730700935120061e-04,5.035106490663644086e-31,1.521573204685558282e-02,1.108112570809640504e-30,1.637192927577465484e-01,2.948932982685939113e-32,2.281066886858814091e-01,2.234949408126606648e-30,3.720206706115308792e-02,6.568395638785751805e-31,9.254250508360087335e-02,9.599131122803718665e-31,2.213539127350349633e-01,5.972322897429843689e-31,1.539556172397666123e-01,4.933053859061175230e-31,6.313904452238641718e-02,1.281897657898292073e-31,1.885411976494806227e-02,4.430777469443696289e-32,4.526713542724802516e-03,1.167372090188361608e-31,9.246631656319923270e-04,3.637427264362065920e-32,1.665848135972731060e-04,2.354278960755974180e-32,2.712846739790032293e-05,1.255783246896246712e-31
2.545436913509193077e-32,4.584144567061286502e-06,1.260143973873892747e-32,8.642125143055816826e-04,5.124554342797600913e-31,2.841830038868030373e-02,6.876215456267649900e-32,1.995452943824006786e-01,9.672391572393574132e-31,1.589946054987956270e-01,2.954589086010307253e-31,8.134604585748893280e-02,1.895960940062324963e-30,3.994705259811935638e-02,2.191651444465528697e-30,1.942252733374205398e-01,1.291158455941014007e-30,1.737979165774820867e-01,6.708460530979437031e-32,8.430418828742075599e-02,6.999388849618689687e-33,2.871841262940776074e-02,4.581060118729669160e-32,7.701814518180085181e-03,9.396084160598137689e-32,1.732390569345251168e-03,1.628680801356348949e-31,3.400637986602667051e-04,5.832089818017808802e-32,5.984489772584105749e-05
2.956284831371699155e-08,9.877942145780371862e-33,2.477529433155138252e-05,7.254280238556872105e-32,2.266959720237296701e-03,6.743803477896396766e-31,4.724496003995048987e-02,3.774501854246119439e-31,2.237563696018405324e-01,1.828091874029072858e-30,9.255592130606440926e-02,2.667576833521504672e-30,1.232433432823748787e-01,2.826099413693219126e-30,8.452599964524822734e-03,1.959116614458047950e-30,1.546403581826394369e-01,4.610162846008839428e-31,1.840595381201828029e-01,9.184673424471061637e-31,1.063011472344232156e-01,1.778925537295956179e-31,4.135502623883414997e-02,1.156086525138399414e-31,1.238138975318677296e-02,1.133899527264678868e-31,3.063253729248037547e-03,5.280029469471040682e-31,6.543279693133468309e-04,2.273026649775902792e-29
5.084787701645502646e-32,3.492686667169093455e-07,6.999443789685075545e-33,9.551158089889856431e-05,2.847882211270257418e-31,5.073385282345807892e-03,5.806567802843077629e-31,7.132801167362998185e-02,4.166526378677782639e-31,2.316984968714274062e-01,5.189029205756660848e-31,3.995852318980296775e-02,2.423764812858791984e-30,1.512038455131817227e-01,2.691464094114908072e-30,2.364532367011090654e-04,7.007719739700918014e-31,1.091354670303265606e-01,2.458498365538366753e-30,1.826221495019038910e-01,5.474840788772912094e-31,1.268997414769739707e-01,6.842569071481325263e-31,5.652218694212957084e-02,3.568128886315465508e-31,1.889451609102354643e-02,1.311355434136262319e-32,5.138221902878694659e-03,3.104910176043909119e-32,1.193140438109103769e-03
1.930124449649623376e-09,2.366293914492284375e-32,2.203618951635158020e-06,2.629712459640892262e-32,2.943292685097662000e-04,4.665340490577088130e-31,1.004850981320987678e-02,2.341896040252650642e-31,9.932365729256197040e-02,8.229928597083678512e-31,2.219380079838575992e-01,2.328605630021264975e-30,8.473675711989541934e-03,1.368448530584541305e-30,1.592584474126285676e-01,1.539568367620119612e-30,1.251626930093576416e-02,2.963701412383043954e-30,6.528947072595522871e-02,1.100811325249745696e-30,1.694547466996452201e-01,3.990949687453756894e-31,1.439319024920734102e-01,8.756120011037199883e-31,7.370454393225295275e-02,1.568999762793233940e-30,2.753548375985200719e-02,5.355148281500493578e-29,8.228750057451935523e-03,1.406806787496057546e-27
7.950156058635276479e-32,2.626466221069017994e-08,1.170782983045092884e-32,9.821946161535692420e-06,3.874236222634513770e-32,7.671956396127874601e-04,1.582061405137529726e-31,1.796675389947496176e-02,4.860984172526157213e-31,1.283610479474946442e-01,1.323094189149044414e-30,1.950934131302492214e-01,3.731406066715463301e-30,2.374419449934799713e-04,2.282828120362169716e-30,1.464915704550994457e-01,3.548323280519025088e-30,3.867280174102771112e-02,1.188008214721150071e-30,2.961693588418678677e-02,1.340135618311899033e-31,1.455128527084356416e-01,3.367411127347978900e-31,1.546997817216219373e-01,3.812027162323426099e-31,9.164538732419870437e-02,6.242975495901397304e-31,3.833316747037294331e-02,2.334725004119976404e-30,1.259180192240817731e-02
1.291716340409786355e-10,1.994549383663446275e-32,1.926412005335654246e-07,2.865034099787874993e-32,3.534087085111959356e-05,1.332027914283992004e-31,1.789448075831160919e-03,3.269966071968827637e-31,3.005348391971125743e-02,3.415701455506936323e-31,1.580004776151706924e-01,7.927441949599153056e-31,1.586802042431620097e-01,1.133003282394452201e-30,1.281130229388750472e-02,1.657199926809944589e-30,1.198728983703874623e-01,1.526139675248951369e-30,7.139084957992578029e-02,5.186662824713426917e-31,7.288131270938582977e-03,8.516382798200833270e-32,1.163634131938447031e-01,2.910528587899695275e-31,1.605572864035753888e-01,6.900114088628586186e-29,1.110194263166685430e-01,2.601538950892311936e-27,5.213754507567357199e-02,7.232657556015361228e-26
2.402967912298766249e-32,2.005360802229056575e-09,1.849501702585308900e-32,9.823824335212323360e-07,9.244829932390912537e-32,1.059242022821305101e-04,2.014822646607214951e-31,3.715525441533580869e-03,2.011691949087573347e-31,4.618623263408042773e-02,2.670696368325076531e-31,1.805056348632746721e-01,6.845036607391061178e-32,1.133150048301768548e-01,4.716894128331038129e-30,3.998664519534907841e-02,4.264139151666803909e-31,8.273883917698837687e-02,3.101919673122908372e-31,1.007467169381847799e-01,1.032116302659535662e-31,6.830288904213847575e-05,1.348042821594673561e-30,8.208681852212525165e-02,2.827553775163534104e-30,1.558025334623835134e-01,1.923626939158560401e-29,1.273312612401334976e-01,2.736244539642744961e-28,6.740957621665150112e-02
9.497819471532008238e-12,3.281855297735253173e-32,1.791797052386419796e-08,3.453871400867820085e-32,4.319906073550043963e-06,2.719525154380098987e-32,3.036665721972688038e-04,9.852613757460538620e-32,7.726622612042711481e-03,2.372572313913055013e-31,7.272357240011947943e-02,1.663904984301623430e-31,2.119691070595338678e-01,2.201504991789579855e-30,7.500252191843401195e-02,2.656742918839878275e-30,8.012294223403337856e-02,1.406618499051133881e-30,4.994399925297768328e-02,9.979610930378276149e-33,1.313775022627711175e-01,8.189567107258313352e-31,8.547965116134878874e-03,6.011038741169176545e-29,5.382103852657856707e-02,3.034193041226148669e-27,1.555318257933903936e-01,1.072032577712259080e-25,1.529248984182448590e-01,3.031917427462265994e-24
1.528179764852070197e-32,1.686852416464230634e-10,1.569568385125465337e-32,1.047613351363566262e-07,7.079384509210484728e-33,1.489854323528108787e-05,8.823710534741087830e-32,7.302251626827004636e-04,6.071890862128202621e-31,1.393472303840833509e-02,3.468082692490456839e-31,1.009359739284570456e-01,5.198809270101504376e-31,2.185876340375217386e-01,1.358538761220891074e-30,3.530206306482470968e-02,3.259715737417305233e-32,1.161399223584632656e-01,3.481946829408290422e-31,1.875775452417960051e-02,2.581758505891107142e-30,1.402693214919665810e-01,1.789163546047531822e-29,3.057832330383969746e-02,1.916107435890863590e-28,2.506665574881348016e-02,2.563626061731114026e-27,1.353783320758763231e-01,2.579340433966631068e-26,1.643040677917109726e-01
8.128956839323188587e-13,2.925294394023528520e-32,1.891321700775192894e-09,6.520506074327258357e-34,5.794979825371816310e-07,6.722011414649258588e-32,5.394653815428081706e-05,2.038529726878588672e-31,1.932071177244201569e-03,6.790302368379591990e-31,2.834693581026691278e-02,1.692875657643382978e-31,1.597992930648625132e-01,1.863850686613417600e-31,2.541026047237917029e-01,6.731748654288179799e-31,1.067709691144439962e-02,3.432442301909731125e-31,1.714919191513633590e-01,4.597240210443934526e-30,2.290337442872178962e-03,2.454772363684134508e-29,1.598078752922197643e-01,2.633186820953139439e-27,7.370814913248809053e-02,1.120006241601069104e-25,7.377074359038537574e-03,3.923553149903317326e-24,1.304121150061370027e-01,1.111006181294638566e-22
1.537044046170448723e-33,1.593381983214895121e-11,7.588446123246606417e-33,1.222553734533196703e-08,4.049341193931417527e-32,2.215624953106468869e-06,2.505185672550921098e-32,1.444661543408408844e-04,1.383552788209630137e-32,3.912669374827400584e-03,3.373041938902157917e-32,4.497402482252579187e-02,7.522161717331755227e-32,1.986723248326284219e-01,5.563054021979520773e-31,2.268641193175255644e-01,1.522761603324651317e-32,1.029897964531647988e-04,8.814658742134435871e-32,1.834709009498506627e-01,3.200757744991288760e-29,3.506755040977876329e-03,1.083392414818749274e-27,1.326235530496220894e-01,1.825741648379987236e-26,1.126366419769567750e-01,2.310894445420370979e-25,1.490683615299543058e-04,2.338550175171236158e-24,9.294025845633725746e-02
6.060132456088456233e-14,1.239865257972405383e-32,1.703527074676945395e-10,2.083905592165596431e-32,6.460976783810276759e-08,2.904291789065821619e-34,7.687895183110484128e-06,9.340868238607994554e-32,3.681451684499145055e-04,5.696284889857589552e-31,7.738287447323839371e-03,2.236965784129892134e-31,7.068498814787402273e-02,3.541157167330795538e-31,2.453999279447311999e-01,9.833940854948332811e-31,1.938275188718659447e-01,3.608936834961474495e-30,1.268666252707281727e-02,2.095956418586544301e-29,1.817021909845793759e-01,1.230767393053403844e-27,2.664938827443370101e-02,6.285700374109019974e-26,9.865985997744974867e-02,2.749574924264490300e-24,1.520919262522445470e-01,9.579049188896522362e-23,1.018335172861068415e-02,2.711252192057531198e-21
2.495677939728698290e-33,1.228130515969842765e-12,2.642383869465207220e-32,1.140108085855621724e-09,3.838468272304223664e-33,2.563066841880129241e-07,6.258965187875835513e-32,2.143269934009761583e-05,2.932130706855608970e-31,7.805174165803889941e-04,2.291412774057472524e-31,1.299099140474484909e-02,5.361416265843666730e-32,9.531110610475884704e-02,6.855901133978780749e-31,2.597778245589007495e-01,1.462464463510858150e-30,1.333142169293230206e-01,7.776800733792204219e-29,4.307904643577373932e-02,2.935658341575963319e-27,1.428461615043492561e-01,6.229961964628881027e-26,6.190591463772916053e-02,1.041650622591630090e-24,5.310772930615944437e-02,1.349520904032541881e-23,1.629281523936939036e-01,1.365638238677629092e-22,3.393664916062617137e-02
4.140065371972359227e-15,1.630679223723775197e-32,1.382361260443318260e-11,2.313853793346106411e-32,6.353312947533691070e-09,2.998337438419649606e-32,9.399564706852614736e-07,8.119943832916813962e-32,5.793814238160428223e-05,4.224651993215206181e-32,1.647841840151365077e-03,2.590525874325246526e-31,2.206167113241178784e-02,3.653237324562908463e-31,1.310031537100986854e-01,1.452926024635556490e-31,2.788040813871133783e-01,3.453416436085599600e-30,8.327350462194853253e-02,3.071528434506961355e-28,8.736703862160036249e-02,2.060055738846985608e-26,1.028514970411557317e-01,1.102089579721353026e-24,1.059251509488266657e-01,4.759795955952690261e-23,2.036138689853424916e-02,1.657791907690034822e-21,1.666457893321665051e-01,4.691810465876360581e-20
8.749770595026572917e-34,9.462999232693697576e-14,1.028250440165832348e-32,1.044693544033491294e-10,6.249746418684569337e-32,2.850823609849723490e-08,1.522482071940833885e-33,2.971622178826498158e-06,3.590286398742401240e-32,1.398635011091708946e-04,6.819947918016154868e-32,3.171976413367668616e-03,2.937369956793082367e-31,3.458559284528664457e-02,2.192796082249130685e-30,1.670543865867823996e-01,1.279559876747414507e-28,2.746707768604387812e-01,4.867506748161962309e-27,3.833396203655066448e-02,1.358878199056145917e-25,1.316929447004625553e-01,2.944402882674084141e-24,5.764911322860875181e-02,4.891179937064552632e-23,1.426643049491785609e-01,6.327376052276566634e-22,2.072414308030552741e-03,6.407141254238538009e-21,1.479616643352052452e-01
3.244926930733124347e-16,2.547210954753814800e-32,1.268665856175435924e-12,9.400973293072972797e-32,6.942890721002330629e-10,8.925476933745624765e-34,1.249161183048411850e-07,9.490711117907343949e-32,9.624804334486281189e-06,8.649504181706277367e-32,3.553734757441434351e-04,3.148014949363676824e-31,6.533856874822294679e-03,2.839980275905385003e-32,5.858653767791780625e-02,5.464521817497309765e-31,2.307733853493673104e-01,4.550819660281434523e-29,2.880657822168727344e-01,4.537994454839273444e-27,1.046728152512856232e-02,3.157018196475497188e-25,1.897989989625373797e-01,1.706248959296329523e-23,2.437389808557273441e-02,7.372474051122510284e-22,1.873078992896660133e-01,2.567513486393640626e-20,3.727236126360207111e-03,7.266295250383544142e-19
3.848090754996751016e-33,7.647755574563766485e-15,1.966519317322667507e-32,9.895818898444462125e-12,6.889446615605564874e-32,3.219955638178653064e-09,1.098851265256557403e-31,4.089929229573315361e-07,2.255383905014160339e-31,2.413589709068869946e-05,2.470026885936229776e-32,7.141070419068452479e-04,1.147415491409090992e-30,1.078676165182763588e-02,1.068050835171083618e-28,8.013841619581543729e-02,5.264714571694027595e-27,2.574493246755786280e-01,1.954910874992239280e-25,2.374407450632718963e-01,5.481246257879283534e-24,1.998881589131380277e-04,1.176553924500702680e-22,2.028382273662487356e-01,1.953446613432928973e-21,2.376814879435854098e-03,2.527388064953902051e-20,1.829820428790172038e-01,2.559010148047348157e-19,2.504912396811169450e-02
2.177181002091484856e-17,1.956888367590060936e-34,9.845877917944895838e-14,3.431797369197813520e-32,6.322215594960035682e-11,8.058598190241787832e-32,1.358361071755389199e-08,1.606172802406079503e-32,1.278134099549696236e-06,3.487240584629799572e-32,5.936704454075633977e-05,9.528496270867409489e-32,1.431702217806652029e-03,1.242376087796544375e-31,1.796013349223911024e-02,5.469953400298280775e-30,1.111751918413283746e-01,5.517160726227001970e-28,2.905501950379927312e-01,4.731029035695771484e-26,1.898183741562488036e-01,3.266231153805541234e-24,1.303614158359600941e-02,1.771941742522323165e-22,2.046362394857082212e-01,7.657562372472755320e-21,3.823468124191740664e-03,2.666783548511103442e-19,1.675078952353164230e-01,7.547399335353376729e-18
5.773531582086918012e-33,5.703931372743229804e-16,3.272615436166204172e-32,8.544274716636373599e-13,9.193581364475151455e-32,3.265841382870835482e-10,3.472452944364395253e-32,4.961705879839999356e-08,2.331794840733630709e-31,3.584176830528542569e-06,3.358878670018329351e-31,1.338854174807627790e-04,5.067372342779017522e-29,2.668535751639177205e-03,3.136969865738056813e-27,2.804511117476155696e-02,1.574309395047451341e-25,1.452049919321982407e-01,5.886543104865927104e-24,3.070136161884640669e-01,1.653193202125028814e-22,1.327726733729727437e-01,3.548321408150681633e-21,4.501174674203630571e-02,5.890004382271672866e-20,1.807886731744223485e-01,7.620305658915016526e-19,2.668675546561024084e-02,7.715895281845740343e-18,1.316703766590859581e-01
